
-9.553000000000000824e+00
-5.875499999999999723e+00
-6.439499999999999780e+00
-5.014499999999999957e+00
-9.553000000000000824e+00
-5.014499999999999957e+00
-5.815000000000000391e+00
-6.613999999999999879e+00
-5.815000000000000391e+00
-9.448000000000000398e+00
-6.613999999999999879e+00
-5.018500000000000405e+00
-5.748999999999999666e+00
-6.849499999999999922e+00
-9.205500000000000682e+00
-5.039500000000000313e+00
-5.039500000000000313e+00
-9.205500000000000682e+00
-5.592500000000000249e+00
-7.624500000000000277e+00
-7.624500000000000277e+00
-8.843500000000000583e+00
-5.592500000000000249e+00
-5.153999999999999915e+00
-8.843500000000000583e+00
-5.153999999999999915e+00
-7.546999999999999709e+00
-5.428499999999999659e+00
-5.428499999999999659e+00
-8.361499999999999488e+00
-5.434000000000000163e+00
-7.303499999999999659e+00
-5.387999999999999901e+00
-7.303499999999999659e+00
-5.434000000000000163e+00
-8.083000000000000185e+00
-5.387999999999999901e+00
-7.040000000000000036e+00
-5.692000000000000171e+00
-7.772499999999999964e+00
-7.772499999999999964e+00
-6.375499999999999723e+00
-6.029499999999999638e+00
-6.599499999999999922e+00
-6.375499999999999723e+00
-6.029499999999999638e+00
-6.599499999999999922e+00
-6.884500000000000064e+00
-5.893500000000000405e+00
-6.557999999999999829e+00
-5.769999999999999574e+00
-6.116999999999999993e+00
-6.557999999999999829e+00
-5.769999999999999574e+00
-6.116999999999999993e+00
-5.150000000000000355e+00
-9.913000000000000256e+00
-6.188500000000000334e+00
-5.406500000000000306e+00
-5.149000000000000021e+00
-9.913000000000000256e+00
-5.149000000000000021e+00
-6.129500000000000171e+00
-5.501000000000000334e+00
-6.129500000000000171e+00
-9.805999999999999162e+00
-5.501000000000000334e+00
-5.112499999999999822e+00
-6.066499999999999559e+00
-5.631999999999999673e+00
-9.505499999999999616e+00
-5.105999999999999872e+00
-5.105999999999999872e+00
-9.505499999999999616e+00
-5.916000000000000369e+00
-6.073000000000000398e+00
-6.073000000000000398e+00
-9.071500000000000341e+00
-5.916000000000000369e+00
-5.128000000000000114e+00
-9.071500000000000341e+00
-5.128000000000000114e+00
-6.908000000000000362e+00
-5.724499999999999922e+00
-5.724499999999999922e+00
-8.564500000000000668e+00
-5.253499999999999837e+00
-7.287499999999999645e+00
-5.500499999999999723e+00
-7.287499999999999645e+00
-5.253499999999999837e+00
-8.278999999999999915e+00
-5.500499999999999723e+00
-7.272499999999999964e+00
-5.403999999999999915e+00
-7.964999999999999858e+00
-7.964999999999999858e+00
-6.631000000000000227e+00
-5.586000000000000298e+00
-6.100500000000000256e+00
-6.631000000000000227e+00
-5.586000000000000298e+00
-6.100500000000000256e+00
-7.076999999999999957e+00
-6.157000000000000028e+00
-6.562999999999999723e+00
-6.153999999999999915e+00
-6.310999999999999943e+00
-6.562999999999999723e+00
-6.153999999999999915e+00
-6.310999999999999943e+00
-5.409500000000000419e+00
-1.049000000000000021e+01
-6.621999999999999886e+00
-4.881999999999999673e+00
-5.453999999999999737e+00
-1.049000000000000021e+01
-5.453999999999999737e+00
-6.565000000000000391e+00
-4.907499999999999751e+00
-6.565000000000000391e+00
-1.035500000000000043e+01
-4.907499999999999751e+00
-5.381000000000000227e+00
-6.507500000000000284e+00
-4.948500000000000121e+00
-9.869999999999999218e+00
-5.363000000000000433e+00
-5.363000000000000433e+00
-9.869999999999999218e+00
-6.375000000000000000e+00
-5.115999999999999659e+00
-5.115999999999999659e+00
-9.317999999999999616e+00
-6.375000000000000000e+00
-5.359499999999999709e+00
-9.317999999999999616e+00
-5.359499999999999709e+00
-5.516499999999999737e+00
-6.195000000000000284e+00
-6.195000000000000284e+00
-8.780499999999999972e+00
-5.383499999999999730e+00
-5.881999999999999673e+00
-5.948999999999999844e+00
-6.431499999999999773e+00
-5.383499999999999730e+00
-8.493499999999999162e+00
-5.948999999999999844e+00
-6.431499999999999773e+00
-5.408000000000000362e+00
-8.177500000000000213e+00
-8.177500000000000213e+00
-6.974999999999999645e+00
-5.674000000000000377e+00
-5.666500000000000092e+00
-6.974999999999999645e+00
-5.674000000000000377e+00
-5.666500000000000092e+00
-7.294999999999999929e+00
-6.523500000000000298e+00
-6.325999999999999623e+00
-6.362499999999999822e+00
-6.524499999999999744e+00
-6.325999999999999623e+00
-6.362499999999999822e+00
-6.524499999999999744e+00
-5.751500000000000057e+00
-9.305999999999999162e+00
-7.209500000000000242e+00
-5.131999999999999673e+00
-5.822499999999999787e+00
-9.348000000000000753e+00
-5.822499999999999787e+00
-7.011499999999999844e+00
-5.055500000000000327e+00
-7.011499999999999844e+00
-9.416499999999999204e+00
-5.055500000000000327e+00
-5.815999999999999837e+00
-7.051000000000000156e+00
-5.155999999999999694e+00
-1.012449999999999939e+01
-5.674999999999999822e+00
-5.674999999999999822e+00
-1.012449999999999939e+01
-6.995000000000000107e+00
-5.168499999999999872e+00
-5.185500000000000220e+00
-9.714999999999999858e+00
-6.929499999999999993e+00
-5.634000000000000341e+00
-9.419499999999999318e+00
-5.634000000000000341e+00
-5.210499999999999687e+00
-6.674999999999999822e+00
-6.674999999999999822e+00
-9.125000000000000000e+00
-5.704500000000000348e+00
-5.256000000000000227e+00
-6.592999999999999972e+00
-5.354499999999999815e+00
-5.712500000000000355e+00
-8.836499999999999133e+00
-6.415000000000000036e+00
-5.571500000000000341e+00
-5.733999999999999986e+00
-8.341499999999999915e+00
-8.341499999999999915e+00
-6.602500000000000036e+00
-6.235999999999999766e+00
-5.754999999999999893e+00
-6.602500000000000036e+00
-6.110500000000000043e+00
-5.775500000000000078e+00
-7.792500000000000426e+00
-6.689000000000000057e+00
-6.001000000000000334e+00
-6.011499999999999844e+00
-7.226499999999999702e+00
-6.489499999999999602e+00
-6.779499999999999638e+00
-6.261999999999999567e+00
-5.653999999999999915e+00
-7.323500000000000121e+00
-7.373000000000000220e+00
-5.256499999999999950e+00
-6.092999999999999972e+00
-7.514000000000000234e+00
-6.009500000000000064e+00
-7.313500000000000334e+00
-5.262500000000000178e+00
-7.264999999999999680e+00
-7.869500000000000384e+00
-5.269499999999999851e+00
-5.942000000000000171e+00
-7.217500000000000249e+00
-5.279499999999999638e+00
-9.103999999999999204e+00
-5.897000000000000242e+00
-5.865000000000000213e+00
-9.541000000000000369e+00
-7.160999999999999588e+00
-5.292500000000000426e+00
-5.307999999999999829e+00
-9.772500000000000853e+00
-7.094500000000000028e+00
-5.839500000000000135e+00
-9.475500000000000256e+00
-5.824499999999999567e+00
-5.322000000000000064e+00
-7.009500000000000064e+00
-6.905499999999999972e+00
-9.176999999999999602e+00
-5.816499999999999559e+00
-5.335499999999999687e+00
-6.757500000000000284e+00
-5.367499999999999716e+00
-5.815500000000000114e+00
-8.885999999999999233e+00
-6.569499999999999673e+00
-5.471000000000000085e+00
-5.826999999999999957e+00
-8.591499999999999915e+00
-8.270500000000000185e+00
-5.769000000000000128e+00
-6.371500000000000163e+00
-5.857000000000000206e+00
-6.437500000000000000e+00
-6.232000000000000206e+00
-5.868500000000000050e+00
-7.849499999999999922e+00
-6.800500000000000433e+00
-6.136000000000000121e+00
-5.980999999999999872e+00
-7.285999999999999588e+00
-6.322499999999999787e+00
-6.788000000000000256e+00
-6.327499999999999680e+00
-5.766499999999999737e+00
-7.323500000000000121e+00
-7.373000000000000220e+00
-5.256499999999999950e+00
-6.092999999999999972e+00
-7.514000000000000234e+00
-6.009500000000000064e+00
-7.313500000000000334e+00
-5.262500000000000178e+00
-7.264999999999999680e+00
-7.869500000000000384e+00
-5.269499999999999851e+00
-5.942000000000000171e+00
-7.217500000000000249e+00
-5.279499999999999638e+00
-9.103999999999999204e+00
-5.897000000000000242e+00
-5.865000000000000213e+00
-9.541000000000000369e+00
-7.160999999999999588e+00
-5.292500000000000426e+00
-5.307999999999999829e+00
-9.772500000000000853e+00
-7.094500000000000028e+00
-5.839500000000000135e+00
-9.475500000000000256e+00
-5.824499999999999567e+00
-5.322000000000000064e+00
-7.009500000000000064e+00
-6.905499999999999972e+00
-9.176999999999999602e+00
-5.816499999999999559e+00
-5.335499999999999687e+00
-6.757500000000000284e+00
-5.367499999999999716e+00
-5.815500000000000114e+00
-8.885999999999999233e+00
-6.569499999999999673e+00
-5.471000000000000085e+00
-5.826999999999999957e+00
-8.591499999999999915e+00
-8.270500000000000185e+00
-5.769000000000000128e+00
-6.371500000000000163e+00
-5.857000000000000206e+00
-6.437500000000000000e+00
-6.232000000000000206e+00
-5.868500000000000050e+00
-7.849499999999999922e+00
-6.800500000000000433e+00
-6.136000000000000121e+00
-5.980999999999999872e+00
-7.285999999999999588e+00
-6.322499999999999787e+00
-6.788000000000000256e+00
-6.327499999999999680e+00
-5.766499999999999737e+00
-6.896499999999999631e+00
-7.511499999999999844e+00
-5.355999999999999872e+00
-6.209500000000000242e+00
-7.003499999999999837e+00
-6.118999999999999773e+00
-7.451500000000000234e+00
-5.358999999999999986e+00
-7.403999999999999915e+00
-7.174000000000000377e+00
-5.365000000000000213e+00
-6.048000000000000043e+00
-7.357000000000000206e+00
-5.375499999999999723e+00
-7.467999999999999972e+00
-6.000000000000000000e+00
-5.964999999999999858e+00
-8.160500000000000753e+00
-7.298499999999999766e+00
-5.390500000000000291e+00
-5.409500000000000419e+00
-8.794499999999999318e+00
-7.230000000000000426e+00
-5.937500000000000000e+00
-9.493000000000000327e+00
-5.921999999999999709e+00
-5.429000000000000270e+00
-7.144000000000000128e+00
-7.040499999999999758e+00
-9.218500000000000583e+00
-5.914500000000000313e+00
-5.442999999999999616e+00
-6.892000000000000348e+00
-5.453999999999999737e+00
-5.913499999999999979e+00
-8.928000000000000824e+00
-6.697499999999999787e+00
-5.493500000000000050e+00
-5.918000000000000149e+00
-8.634999999999999787e+00
-8.317000000000000171e+00
-5.668499999999999872e+00
-6.486500000000000377e+00
-5.940000000000000391e+00
-6.184499999999999886e+00
-6.330000000000000071e+00
-5.964500000000000135e+00
-7.898500000000000298e+00
-6.835499999999999687e+00
-6.243000000000000327e+00
-6.014999999999999680e+00
-7.336999999999999744e+00
-6.258000000000000007e+00
-6.726499999999999702e+00
-6.384999999999999787e+00
-5.860500000000000043e+00
-6.190500000000000114e+00
-8.092499999999999361e+00
-5.735500000000000043e+00
-6.521499999999999631e+00
-6.211500000000000021e+00
-6.521499999999999631e+00
-8.026500000000000412e+00
-5.725500000000000256e+00
-7.977500000000000036e+00
-6.249500000000000277e+00
-5.722500000000000142e+00
-6.491999999999999993e+00
-7.919999999999999929e+00
-5.727000000000000313e+00
-6.311499999999999666e+00
-6.434999999999999609e+00
-6.390500000000000291e+00
-6.399499999999999744e+00
-7.842999999999999972e+00
-5.740000000000000213e+00
-5.759500000000000064e+00
-6.533999999999999808e+00
-7.759500000000000064e+00
-6.354499999999999815e+00
-6.729499999999999815e+00
-6.332499999999999574e+00
-5.788000000000000256e+00
-7.666999999999999815e+00
-7.564499999999999780e+00
-7.048000000000000043e+00
-6.320999999999999730e+00
-5.822499999999999787e+00
-7.419999999999999929e+00
-5.857499999999999929e+00
-6.320999999999999730e+00
-7.677999999999999936e+00
-7.211999999999999744e+00
-5.881499999999999950e+00
-6.330000000000000071e+00
-8.298999999999999488e+00
-8.535500000000000753e+00
-5.879999999999999893e+00
-6.953500000000000014e+00
-6.344500000000000028e+00
-5.888499999999999623e+00
-6.748499999999999943e+00
-6.352500000000000036e+00
-8.130499999999999616e+00
-6.306000000000000050e+00
-6.617499999999999716e+00
-6.382500000000000284e+00
-7.580000000000000071e+00
-6.519999999999999574e+00
-6.556000000000000050e+00
-6.647499999999999964e+00
-6.322499999999999787e+00
-6.147499999999999964e+00
-8.340999999999999304e+00
-5.918499999999999872e+00
-6.882500000000000284e+00
-6.149499999999999744e+00
-6.762999999999999901e+00
-8.269000000000000128e+00
-5.901500000000000412e+00
-8.214499999999999247e+00
-6.163000000000000256e+00
-5.892999999999999794e+00
-6.679999999999999716e+00
-8.147999999999999687e+00
-5.891000000000000014e+00
-6.193500000000000227e+00
-6.619500000000000384e+00
-6.573000000000000398e+00
-6.243999999999999773e+00
-8.060499999999999332e+00
-5.895999999999999908e+00
-5.908000000000000362e+00
-6.326999999999999957e+00
-7.971000000000000085e+00
-6.535000000000000142e+00
-6.450999999999999623e+00
-6.511999999999999567e+00
-5.930500000000000327e+00
-7.875499999999999723e+00
-7.772000000000000242e+00
-6.650500000000000078e+00
-6.499500000000000277e+00
-5.964000000000000412e+00
-7.629999999999999893e+00
-6.003499999999999837e+00
-6.498000000000000220e+00
-6.964500000000000135e+00
-7.421000000000000263e+00
-6.040000000000000036e+00
-6.504999999999999893e+00
-7.518500000000000405e+00
-8.297499999999999432e+00
-6.070999999999999730e+00
-7.146499999999999631e+00
-6.522499999999999964e+00
-6.057999999999999829e+00
-6.927500000000000213e+00
-6.537499999999999645e+00
-8.253500000000000725e+00
-6.171499999999999986e+00
-6.788000000000000256e+00
-6.548000000000000043e+00
-7.709999999999999964e+00
-6.731499999999999595e+00
-6.610500000000000043e+00
-6.783500000000000085e+00
-6.565500000000000114e+00
-6.214000000000000412e+00
-8.545999999999999375e+00
-6.080499999999999794e+00
-7.043000000000000149e+00
-6.198999999999999844e+00
-6.918999999999999595e+00
-8.465999999999999304e+00
-6.059000000000000163e+00
-8.404999999999999361e+00
-6.190999999999999837e+00
-6.047500000000000320e+00
-6.833999999999999631e+00
-8.330000000000000071e+00
-6.041500000000000092e+00
-6.195500000000000007e+00
-6.771499999999999631e+00
-6.724000000000000199e+00
-6.217999999999999972e+00
-8.234500000000000597e+00
-6.041500000000000092e+00
-6.047500000000000320e+00
-6.267500000000000071e+00
-8.140000000000000568e+00
-6.684499999999999886e+00
-6.350500000000000256e+00
-6.660999999999999588e+00
-6.062000000000000277e+00
-8.041999999999999815e+00
-7.937500000000000000e+00
-6.490499999999999936e+00
-6.647999999999999687e+00
-6.088499999999999801e+00
-7.796999999999999709e+00
-6.123999999999999666e+00
-6.645999999999999908e+00
-6.712500000000000355e+00
-7.588499999999999801e+00
-6.161999999999999922e+00
-6.652999999999999581e+00
-7.083999999999999631e+00
-7.743000000000000327e+00
-6.209500000000000242e+00
-7.302999999999999936e+00
-6.668499999999999872e+00
-6.237000000000000099e+00
-7.075999999999999623e+00
-6.689499999999999780e+00
-8.374000000000000554e+00
-6.216499999999999915e+00
-6.932999999999999829e+00
-6.692499999999999893e+00
-7.836999999999999744e+00
-6.882500000000000284e+00
-6.729000000000000092e+00
-6.916500000000000092e+00
-6.741500000000000270e+00
-6.342999999999999972e+00
-8.720499999999999474e+00
-6.217500000000000249e+00
-7.177999999999999936e+00
-6.315000000000000391e+00
-7.051499999999999879e+00
-8.631000000000000227e+00
-6.192999999999999616e+00
-8.564000000000000057e+00
-6.288999999999999702e+00
-6.179499999999999993e+00
-6.964500000000000135e+00
-8.480999999999999872e+00
-6.171999999999999709e+00
-6.270500000000000185e+00
-6.900999999999999801e+00
-6.852500000000000036e+00
-6.266000000000000014e+00
-8.378500000000000725e+00
-6.170499999999999652e+00
-6.174999999999999822e+00
-6.283500000000000085e+00
-8.280499999999999972e+00
-6.812500000000000000e+00
-6.333000000000000185e+00
-6.788499999999999979e+00
-6.185999999999999943e+00
-8.180500000000000327e+00
-8.075499999999999901e+00
-6.432500000000000107e+00
-6.775000000000000355e+00
-6.206999999999999851e+00
-7.935500000000000220e+00
-6.232999999999999652e+00
-6.772499999999999964e+00
-6.597500000000000142e+00
-7.727999999999999758e+00
-6.265500000000000291e+00
-6.780000000000000249e+00
-6.873000000000000220e+00
-7.347000000000000419e+00
-6.320000000000000284e+00
-7.434999999999999609e+00
-6.794999999999999929e+00
-6.371000000000000441e+00
-7.202499999999999680e+00
-6.814499999999999780e+00
-8.265000000000000568e+00
-6.341000000000000192e+00
-7.058500000000000441e+00
-6.828000000000000291e+00
-7.961000000000000298e+00
-7.003499999999999837e+00
-6.857499999999999929e+00
-7.044999999999999929e+00
-6.807000000000000384e+00
-6.475999999999999979e+00
-8.858000000000000540e+00
-6.323500000000000121e+00
-7.283999999999999808e+00
-6.441499999999999559e+00
-7.155999999999999694e+00
-8.760500000000000398e+00
-6.296499999999999986e+00
-8.687500000000000000e+00
-6.406500000000000306e+00
-6.281500000000000306e+00
-7.067999999999999616e+00
-8.598499999999999588e+00
-6.272999999999999687e+00
-6.374500000000000277e+00
-7.003499999999999837e+00
-6.954500000000000348e+00
-6.352000000000000313e+00
-8.490500000000000824e+00
-6.270999999999999908e+00
-6.276500000000000412e+00
-6.343499999999999694e+00
-8.390000000000000568e+00
-6.913999999999999702e+00
-6.361500000000000377e+00
-6.889999999999999680e+00
-6.286999999999999922e+00
-8.288500000000000867e+00
-8.182999999999999829e+00
-6.425500000000000433e+00
-6.876000000000000334e+00
-6.307500000000000107e+00
-8.043499999999999872e+00
-6.326999999999999957e+00
-6.873499999999999943e+00
-6.552500000000000213e+00
-7.836999999999999744e+00
-6.350500000000000256e+00
-6.881000000000000227e+00
-6.768500000000000405e+00
-7.139999999999999680e+00
-6.404499999999999638e+00
-7.538499999999999979e+00
-6.895999999999999908e+00
-6.462500000000000355e+00
-7.302999999999999936e+00
-6.914500000000000313e+00
-7.945000000000000284e+00
-6.466999999999999638e+00
-7.158500000000000085e+00
-6.936499999999999666e+00
-8.070000000000000284e+00
-7.102000000000000313e+00
-6.959500000000000242e+00
-7.157499999999999751e+00
-6.790499999999999758e+00
-6.475999999999999979e+00
-8.858000000000000540e+00
-6.323500000000000121e+00
-7.283999999999999808e+00
-6.441499999999999559e+00
-7.155999999999999694e+00
-8.760500000000000398e+00
-6.296499999999999986e+00
-8.687500000000000000e+00
-6.406500000000000306e+00
-6.281500000000000306e+00
-7.067999999999999616e+00
-8.598499999999999588e+00
-6.272999999999999687e+00
-6.374500000000000277e+00
-7.003499999999999837e+00
-6.954500000000000348e+00
-6.352000000000000313e+00
-8.490500000000000824e+00
-6.270999999999999908e+00
-6.276500000000000412e+00
-6.343499999999999694e+00
-8.390000000000000568e+00
-6.913999999999999702e+00
-6.361500000000000377e+00
-6.889999999999999680e+00
-6.286999999999999922e+00
-8.288500000000000867e+00
-8.182999999999999829e+00
-6.425500000000000433e+00
-6.876000000000000334e+00
-6.307500000000000107e+00
-8.043499999999999872e+00
-6.326999999999999957e+00
-6.873499999999999943e+00
-6.552500000000000213e+00
-7.836999999999999744e+00
-6.350500000000000256e+00
-6.881000000000000227e+00
-6.768500000000000405e+00
-7.139999999999999680e+00
-6.404499999999999638e+00
-7.538499999999999979e+00
-6.895999999999999908e+00
-6.462500000000000355e+00
-7.302999999999999936e+00
-6.914500000000000313e+00
-7.945000000000000284e+00
-6.466999999999999638e+00
-7.158500000000000085e+00
-6.936499999999999666e+00
-8.070000000000000284e+00
-7.102000000000000313e+00
-6.959500000000000242e+00
-7.157499999999999751e+00
-6.790499999999999758e+00
