  
  -9.6050000e+00
  -5.9050000e+00
  -6.3610000e+00
  -5.0180000e+00
  -9.5010000e+00
  -5.0110000e+00
  -5.8460000e+00
  -6.5180000e+00
  -5.7840000e+00
  -9.3950000e+00
  -6.7100000e+00
  -5.0120000e+00
  -5.7140000e+00
  -6.9890000e+00
  -9.2760000e+00
  -5.0250000e+00
  -5.0540000e+00
  -9.1350000e+00
  -5.6340000e+00
  -7.4350000e+00
  -7.8140000e+00
  -8.9500000e+00
  -5.5510000e+00
  -5.1110000e+00
  -8.7370000e+00
  -5.1970000e+00
  -7.6660000e+00
  -5.4640000e+00
  -5.3930000e+00
  -8.4930000e+00
  -5.3330000e+00
  -7.4280000e+00
  -5.3580000e+00
  -7.1790000e+00
  -5.5350000e+00
  -8.2300000e+00
  -5.4180000e+00
  -6.9010000e+00
  -5.8490000e+00
  -7.9360000e+00
  -7.6090000e+00
  -6.5740000e+00
  -5.6840000e+00
  -6.4080000e+00
  -6.1770000e+00
  -6.3750000e+00
  -6.7910000e+00
  -7.1760000e+00
  -5.6100000e+00
  -7.0480000e+00
  -6.2490000e+00
  -6.5930000e+00
  -6.0680000e+00
  -5.2910000e+00
  -5.6410000e+00
  -4.6900000e+00
  -9.9630000e+00
  -6.2180000e+00
  -5.3660000e+00
  -5.1600000e+00
  -9.8630000e+00
  -5.1380000e+00
  -6.1590000e+00
  -5.4470000e+00
  -6.1000000e+00
  -9.7490000e+00
  -5.5550000e+00
  -5.1180000e+00
  -6.0330000e+00
  -5.7090000e+00
  -9.6000000e+00
  -5.1070000e+00
  -5.1050000e+00
  -9.4110000e+00
  -5.9570000e+00
  -5.9260000e+00
  -6.2200000e+00
  -9.1860000e+00
  -5.8750000e+00
  -5.1150000e+00
  -8.9570000e+00
  -5.1410000e+00
  -6.6430000e+00
  -5.7770000e+00
  -5.6720000e+00
  -8.7010000e+00
  -5.1990000e+00
  -7.1730000e+00
  -5.5530000e+00
  -7.4020000e+00
  -5.3080000e+00
  -8.4280000e+00
  -5.4480000e+00
  -7.1430000e+00
  -5.5000000e+00
  -8.1300000e+00
  -7.8000000e+00
  -6.8260000e+00
  -5.4430000e+00
  -5.8150000e+00
  -6.4360000e+00
  -5.7290000e+00
  -6.3860000e+00
  -7.3700000e+00
  -5.8780000e+00
  -6.7800000e+00
  -6.6230000e+00
  -6.7840000e+00
  -6.3460000e+00
  -5.6850000e+00
  -5.8380000e+00
  -4.9410000e+00
  -1.0540000e+01
  -6.6510000e+00
  -4.8720000e+00
  -5.4760000e+00
  -1.0440000e+01
  -5.4320000e+00
  -6.5930000e+00
  -4.8920000e+00
  -6.5370000e+00
  -1.0270000e+01
  -4.9230000e+00
  -5.3930000e+00
  -6.4780000e+00
  -4.9740000e+00
  -1.0020000e+01
  -5.3690000e+00
  -5.3570000e+00
  -9.7200000e+00
  -6.4120000e+00
  -5.0550000e+00
  -5.1770000e+00
  -9.4440000e+00
  -6.3380000e+00
  -5.3560000e+00
  -9.1920000e+00
  -5.3630000e+00
  -5.3710000e+00
  -6.2460000e+00
  -6.1440000e+00
  -8.9180000e+00
  -5.3760000e+00
  -5.6620000e+00
  -6.0180000e+00
  -6.1020000e+00
  -5.3910000e+00
  -8.6430000e+00
  -5.8800000e+00
  -6.7610000e+00
  -5.4250000e+00
  -8.3440000e+00
  -8.0110000e+00
  -7.1540000e+00
  -5.7280000e+00
  -5.5290000e+00
  -6.7960000e+00
  -5.6200000e+00
  -5.8040000e+00
  -7.5830000e+00
  -6.2510000e+00
  -5.9350000e+00
  -6.4840000e+00
  -7.0070000e+00
  -6.7170000e+00
  -6.2410000e+00
  -6.0420000e+00
  -5.2520000e+00
  -1.1080000e+01
  -7.0960000e+00
  -5.0450000e+00
  -5.8570000e+00
  -1.0920000e+01
  -5.7880000e+00
  -7.0370000e+00
  -5.0520000e+00
  -6.9860000e+00
  -1.0570000e+01
  -5.0590000e+00
  -5.7280000e+00
  -6.9350000e+00
  -5.0690000e+00
  -1.0280000e+01
  -5.6890000e+00
  -5.6610000e+00
  -9.9690000e+00
  -6.8790000e+00
  -5.0820000e+00
  -5.1020000e+00
  -9.6730000e+00
  -6.8140000e+00
  -5.6400000e+00
  -9.3800000e+00
  -5.6280000e+00
  -5.1390000e+00
  -6.7280000e+00
  -6.6220000e+00
  -9.0880000e+00
  -5.6280000e+00
  -5.2130000e+00
  -6.4780000e+00
  -5.3640000e+00
  -5.6440000e+00
  -8.8020000e+00
  -6.3070000e+00
  -5.6650000e+00
  -5.6710000e+00
  -8.5050000e+00
  -8.1780000e+00
  -6.2370000e+00
  -6.1420000e+00
  -5.6830000e+00
  -6.9680000e+00
  -6.0240000e+00
  -5.7170000e+00
  -7.7530000e+00
  -6.6070000e+00
  -5.9080000e+00
  -6.0450000e+00
  -7.1850000e+00
  -6.6190000e+00
  -6.7530000e+00
  -6.2170000e+00
  -5.5750000e+00
  -7.5320000e+00
  -7.3230000e+00
  -5.2190000e+00
  -6.0510000e+00
  -7.7760000e+00
  -5.9700000e+00
  -7.2640000e+00
  -5.2260000e+00
  -7.2150000e+00
  -8.2630000e+00
  -5.2330000e+00
  -5.9040000e+00
  -7.1670000e+00
  -5.2430000e+00
  -1.0320000e+01
  -5.8600000e+00
  -5.8290000e+00
  -1.0070000e+01
  -7.1110000e+00
  -5.2550000e+00
  -5.2690000e+00
  -9.7570000e+00
  -7.0450000e+00
  -5.8040000e+00
  -9.4590000e+00
  -5.7890000e+00
  -5.2820000e+00
  -6.9600000e+00
  -6.8560000e+00
  -9.1620000e+00
  -5.7810000e+00
  -5.2990000e+00
  -6.7080000e+00
  -5.3450000e+00
  -5.7810000e+00
  -8.8710000e+00
  -6.5230000e+00
  -5.4780000e+00
  -5.7970000e+00
  -8.5760000e+00
  -8.2540000e+00
  -5.8240000e+00
  -6.3300000e+00
  -5.8270000e+00
  -6.5420000e+00
  -6.1970000e+00
  -5.8340000e+00
  -7.8320000e+00
  -6.7710000e+00
  -6.0940000e+00
  -5.9780000e+00
  -7.2680000e+00
  -6.3600000e+00
  -6.8060000e+00
  -6.3070000e+00
  -5.7330000e+00
  -7.1150000e+00
  -7.4230000e+00
  -5.2940000e+00
  -6.1350000e+00
  -7.2520000e+00
  -6.0490000e+00
  -7.3630000e+00
  -5.2990000e+00
  -7.3150000e+00
  -7.4760000e+00
  -5.3060000e+00
  -5.9800000e+00
  -7.2680000e+00
  -5.3160000e+00
  -7.8880000e+00
  -5.9340000e+00
  -5.9010000e+00
  -9.0120000e+00
  -7.2110000e+00
  -5.3300000e+00
  -5.3470000e+00
  -9.7880000e+00
  -7.1440000e+00
  -5.8750000e+00
  -9.4920000e+00
  -5.8600000e+00
  -5.3620000e+00
  -7.0590000e+00
  -6.9550000e+00
  -9.1920000e+00
  -5.8520000e+00
  -5.3720000e+00
  -6.8070000e+00
  -5.3900000e+00
  -5.8500000e+00
  -8.9010000e+00
  -6.6160000e+00
  -5.4640000e+00
  -5.8570000e+00
  -8.6070000e+00
  -8.2870000e+00
  -5.7140000e+00
  -6.4130000e+00
  -5.8870000e+00
  -6.3330000e+00
  -6.2670000e+00
  -5.9030000e+00
  -7.8670000e+00
  -6.8300000e+00
  -6.1780000e+00
  -5.9840000e+00
  -7.3040000e+00
  -6.2850000e+00
  -6.7700000e+00
  -6.3480000e+00
  -5.8000000e+00
  -6.6780000e+00
  -7.6000000e+00
  -5.4180000e+00
  -6.2840000e+00
  -6.7550000e+00
  -6.1890000e+00
  -7.5400000e+00
  -5.4190000e+00
  -7.4930000e+00
  -6.8720000e+00
  -5.4240000e+00
  -6.1160000e+00
  -7.4460000e+00
  -5.4350000e+00
  -7.0480000e+00
  -6.0660000e+00
  -6.0290000e+00
  -7.3090000e+00
  -7.3860000e+00
  -5.4510000e+00
  -5.4720000e+00
  -7.8010000e+00
  -7.3160000e+00
  -6.0000000e+00
  -9.4940000e+00
  -5.9840000e+00
  -5.4960000e+00
  -7.2290000e+00
  -7.1260000e+00
  -9.2450000e+00
  -5.9770000e+00
  -5.5140000e+00
  -6.9770000e+00
  -5.5180000e+00
  -5.9770000e+00
  -8.9550000e+00
  -6.7790000e+00
  -5.5230000e+00
  -5.9790000e+00
  -8.6630000e+00
  -8.3470000e+00
  -5.6230000e+00
  -6.5600000e+00
  -5.9930000e+00
  -6.0360000e+00
  -6.3930000e+00
  -6.0260000e+00
  -7.9300000e+00
  -6.8410000e+00
  -6.3080000e+00
  -6.0460000e+00
  -7.3700000e+00
  -6.2310000e+00
  -6.6830000e+00
  -6.4220000e+00
  -5.9210000e+00
  -6.2450000e+00
  -7.9550000e+00
  -5.6400000e+00
  -6.5760000e+00
  -6.2760000e+00
  -6.4670000e+00
  -7.8920000e+00
  -5.6340000e+00
  -7.8450000e+00
  -6.3280000e+00
  -5.6350000e+00
  -6.3880000e+00
  -7.7920000e+00
  -5.6430000e+00
  -6.4090000e+00
  -6.3330000e+00
  -6.2900000e+00
  -6.5210000e+00
  -7.7210000e+00
  -5.6600000e+00
  -5.6830000e+00
  -6.6890000e+00
  -7.6410000e+00
  -6.2550000e+00
  -6.9310000e+00
  -6.2340000e+00
  -5.7120000e+00
  -7.5500000e+00
  -7.4480000e+00
  -7.3310000e+00
  -6.2230000e+00
  -5.7450000e+00
  -7.3020000e+00
  -5.7760000e+00
  -6.2240000e+00
  -8.2200000e+00
  -7.0950000e+00
  -5.7900000e+00
  -6.2350000e+00
  -8.7830000e+00
  -8.4770000e+00
  -5.7670000e+00
  -6.8460000e+00
  -6.2450000e+00
  -5.8200000e+00
  -6.6500000e+00
  -6.2520000e+00
  -8.0680000e+00
  -6.4330000e+00
  -6.5250000e+00
  -6.2900000e+00
  -7.5140000e+00
  -6.3950000e+00
  -6.5530000e+00
  -6.5790000e+00
  -6.1930000e+00
  -6.1360000e+00
  -8.2300000e+00
  -5.8310000e+00
  -6.7950000e+00
  -6.1470000e+00
  -6.6780000e+00
  -8.1610000e+00
  -5.8170000e+00
  -8.1100000e+00
  -6.1710000e+00
  -5.8100000e+00
  -6.5960000e+00
  -8.0480000e+00
  -5.8110000e+00
  -6.2140000e+00
  -6.5370000e+00
  -6.4910000e+00
  -6.2780000e+00
  -7.9650000e+00
  -5.8200000e+00
  -5.8360000e+00
  -6.3790000e+00
  -7.8780000e+00
  -6.4540000e+00
  -6.5280000e+00
  -6.4310000e+00
  -5.8640000e+00
  -7.7840000e+00
  -7.6810000e+00
  -6.7650000e+00
  -6.4190000e+00
  -5.9000000e+00
  -7.5380000e+00
  -5.9390000e+00
  -6.4180000e+00
  -7.1360000e+00
  -7.3290000e+00
  -5.9730000e+00
  -6.4250000e+00
  -7.8150000e+00
  -8.5940000e+00
  -5.9930000e+00
  -7.0610000e+00
  -6.4440000e+00
  -5.9570000e+00
  -6.8470000e+00
  -6.4530000e+00
  -8.1930000e+00
  -6.1790000e+00
  -6.7100000e+00
  -6.4750000e+00
  -7.6460000e+00
  -6.6450000e+00
  -6.5590000e+00
  -6.7160000e+00
  -6.4520000e+00
  -6.1590000e+00
  -8.4520000e+00
  -6.0060000e+00
  -6.9700000e+00
  -6.1520000e+00
  -6.8480000e+00
  -8.3770000e+00
  -5.9860000e+00
  -8.3190000e+00
  -6.1550000e+00
  -5.9760000e+00
  -6.7640000e+00
  -8.2480000e+00
  -5.9710000e+00
  -6.1730000e+00
  -6.7020000e+00
  -6.6550000e+00
  -6.2100000e+00
  -8.1560000e+00
  -5.9720000e+00
  -5.9800000e+00
  -6.2750000e+00
  -8.0640000e+00
  -6.6160000e+00
  -6.3740000e+00
  -6.5930000e+00
  -5.9970000e+00
  -7.9670000e+00
  -7.8630000e+00
  -6.5360000e+00
  -6.5800000e+00
  -6.0280000e+00
  -7.7220000e+00
  -6.0680000e+00
  -6.5780000e+00
  -6.7930000e+00
  -7.5130000e+00
  -6.1070000e+00
  -6.5850000e+00
  -7.2220000e+00
  -8.0010000e+00
  -6.1490000e+00
  -7.2320000e+00
  -6.6010000e+00
  -6.1590000e+00
  -7.0080000e+00
  -6.6220000e+00
  -8.3140000e+00
  -6.1640000e+00
  -6.8660000e+00
  -6.6210000e+00
  -7.7740000e+00
  -6.8180000e+00
  -6.6620000e+00
  -6.8510000e+00
  -6.6790000e+00
  -6.2690000e+00
  -8.6400000e+00
  -6.1550000e+00
  -7.1160000e+00
  -6.2460000e+00
  -6.9900000e+00
  -8.5550000e+00
  -6.1320000e+00
  -8.4910000e+00
  -6.2270000e+00
  -6.1190000e+00
  -6.9040000e+00
  -8.4120000e+00
  -6.1120000e+00
  -6.2180000e+00
  -6.8410000e+00
  -6.7930000e+00
  -6.2260000e+00
  -8.3130000e+00
  -6.1110000e+00
  -6.1150000e+00
  -6.2600000e+00
  -8.2160000e+00
  -6.7530000e+00
  -6.3270000e+00
  -6.7290000e+00
  -6.1270000e+00
  -8.1170000e+00
  -8.0120000e+00
  -6.4450000e+00
  -6.7160000e+00
  -6.1490000e+00
  -7.8720000e+00
  -6.1800000e+00
  -6.7140000e+00
  -6.6320000e+00
  -7.6640000e+00
  -6.2170000e+00
  -6.7210000e+00
  -6.9460000e+00
  -7.4850000e+00
  -6.2700000e+00
  -7.3740000e+00
  -6.7360000e+00
  -6.3150000e+00
  -7.1440000e+00
  -6.7570000e+00
  -8.4340000e+00
  -6.2690000e+00
  -7.0000000e+00
  -6.7640000e+00
  -7.9000000e+00
  -6.9470000e+00
  -6.7960000e+00
  -6.9820000e+00
  -6.8040000e+00
  -6.4170000e+00
  -8.8010000e+00
  -6.2800000e+00
  -7.2400000e+00
  -6.3840000e+00
  -7.1130000e+00
  -8.7070000e+00
  -6.2540000e+00
  -8.6370000e+00
  -6.3510000e+00
  -6.2400000e+00
  -7.0250000e+00
  -8.5500000e+00
  -6.2320000e+00
  -6.3230000e+00
  -6.9610000e+00
  -6.9120000e+00
  -6.3060000e+00
  -8.4440000e+00
  -6.2300000e+00
  -6.2350000e+00
  -6.3070000e+00
  -8.3450000e+00
  -6.8720000e+00
  -6.3390000e+00
  -6.8480000e+00
  -6.2450000e+00
  -8.2440000e+00
  -8.1390000e+00
  -6.4200000e+00
  -6.8340000e+00
  -6.2650000e+00
  -7.9990000e+00
  -6.2860000e+00
  -6.8310000e+00
  -6.5630000e+00
  -7.7920000e+00
  -6.3140000e+00
  -6.8390000e+00
  -6.8000000e+00
  -7.2090000e+00
  -6.3700000e+00
  -7.4960000e+00
  -6.8540000e+00
  -6.4270000e+00
  -7.2610000e+00
  -6.8720000e+00
  -8.0960000e+00
  -6.4130000e+00
  -7.1170000e+00
  -6.8920000e+00
  -8.0220000e+00
  -7.0600000e+00
  -6.9190000e+00
  -7.1080000e+00
  -6.8100000e+00
  -6.5350000e+00
  -8.9150000e+00
  -6.3670000e+00
  -7.3280000e+00
  -6.4990000e+00
  -7.1990000e+00
  -8.8140000e+00
  -6.3390000e+00
  -8.7380000e+00
  -6.4620000e+00
  -6.3230000e+00
  -7.1110000e+00
  -8.6470000e+00
  -6.3140000e+00
  -6.4260000e+00
  -7.0460000e+00
  -6.9970000e+00
  -6.3980000e+00
  -8.5370000e+00
  -6.3120000e+00
  -6.3180000e+00
  -6.3800000e+00
  -8.4350000e+00
  -6.9560000e+00
  -6.3840000e+00
  -6.9320000e+00
  -6.3290000e+00
  -8.3330000e+00
  -8.2270000e+00
  -6.4310000e+00
  -6.9180000e+00
  -6.3500000e+00
  -8.0880000e+00
  -6.3680000e+00
  -6.9160000e+00
  -6.5420000e+00
  -7.8820000e+00
  -6.3870000e+00
  -6.9230000e+00
  -6.7370000e+00
  -7.0710000e+00
  -6.4390000e+00
  -7.5810000e+00
  -6.9380000e+00
  -6.4980000e+00
  -7.3450000e+00
  -6.9570000e+00
  -7.7940000e+00
  -6.5210000e+00
  -7.2000000e+00
  -6.9810000e+00
  -8.1180000e+00
  -7.1440000e+00
  -7.0000000e+00
  -7.2070000e+00
  -6.7710000e+00
