
-9.605000000000000426e+00
-5.905000000000000249e+00
-6.360999999999999766e+00
-5.017999999999999794e+00
-9.500999999999999446e+00
-5.011000000000000121e+00
-5.846000000000000085e+00
-6.517999999999999794e+00
-5.783999999999999808e+00
-9.394999999999999574e+00
-6.709999999999999964e+00
-5.011999999999999567e+00
-5.714000000000000412e+00
-6.988999999999999879e+00
-9.275999999999999801e+00
-5.025000000000000355e+00
-5.054000000000000270e+00
-9.134999999999999787e+00
-5.634000000000000341e+00
-7.434999999999999609e+00
-7.814000000000000057e+00
-8.949999999999999289e+00
-5.551000000000000156e+00
-5.110999999999999766e+00
-8.737000000000000099e+00
-5.197000000000000064e+00
-7.666000000000000369e+00
-5.464000000000000412e+00
-5.392999999999999794e+00
-8.493000000000000327e+00
-5.333000000000000185e+00
-7.427999999999999936e+00
-5.357999999999999652e+00
-7.179000000000000270e+00
-5.535000000000000142e+00
-8.230000000000000426e+00
-5.418000000000000149e+00
-6.900999999999999801e+00
-5.849000000000000199e+00
-7.935999999999999943e+00
-7.608999999999999986e+00
-6.573999999999999844e+00
-5.684000000000000163e+00
-6.408000000000000362e+00
-6.176999999999999602e+00
-6.375000000000000000e+00
-6.791000000000000369e+00
-7.176000000000000156e+00
-5.610000000000000320e+00
-7.048000000000000043e+00
-6.248999999999999666e+00
-6.592999999999999972e+00
-6.067999999999999616e+00
-5.291000000000000369e+00
-5.641000000000000014e+00
-4.690000000000000391e+00
-9.962999999999999190e+00
-6.217999999999999972e+00
-5.365999999999999659e+00
-5.160000000000000142e+00
-9.862999999999999545e+00
-5.137999999999999901e+00
-6.158999999999999808e+00
-5.447000000000000064e+00
-6.099999999999999645e+00
-9.749000000000000554e+00
-5.554999999999999716e+00
-5.118000000000000327e+00
-6.033000000000000362e+00
-5.708999999999998742e+00
-9.599999999999999645e+00
-5.107000000000000206e+00
-5.105000000000000426e+00
-9.410999999999999588e+00
-5.956999999999999851e+00
-5.926000000000000156e+00
-6.219999999999999751e+00
-9.185999999999999943e+00
-5.875000000000000000e+00
-5.115000000000000213e+00
-8.957000000000000739e+00
-5.141000000000000014e+00
-6.642999999999999794e+00
-5.777000000000000135e+00
-5.671999999999999709e+00
-8.701000000000000512e+00
-5.198999999999999844e+00
-7.173000000000000043e+00
-5.552999999999999936e+00
-7.402000000000000135e+00
-5.307999999999999829e+00
-8.428000000000000824e+00
-5.448000000000000398e+00
-7.142999999999999794e+00
-5.500000000000000000e+00
-8.130000000000000782e+00
-7.799999999999999822e+00
-6.825999999999999623e+00
-5.442999999999999616e+00
-5.815000000000000391e+00
-6.435999999999999943e+00
-5.729000000000000092e+00
-6.386000000000000121e+00
-7.370000000000000107e+00
-5.878000000000000114e+00
-6.780000000000000249e+00
-6.623000000000000220e+00
-6.783999999999999808e+00
-6.346000000000000085e+00
-5.684999999999999609e+00
-5.838000000000000078e+00
-4.940999999999999837e+00
-1.053999999999999915e+01
-6.650999999999999801e+00
-4.871999999999999886e+00
-5.475999999999999979e+00
-1.043999999999999950e+01
-5.432000000000000384e+00
-6.592999999999999972e+00
-4.892000000000000348e+00
-6.536999999999999922e+00
-1.026999999999999957e+01
-4.923000000000000043e+00
-5.392999999999999794e+00
-6.477999999999999758e+00
-4.974000000000000199e+00
-1.001999999999999957e+01
-5.368999999999999773e+00
-5.357000000000000206e+00
-9.720000000000000639e+00
-6.411999999999999922e+00
-5.054999999999999716e+00
-5.176999999999999602e+00
-9.444000000000000838e+00
-6.338000000000000078e+00
-5.355999999999999872e+00
-9.192000000000000171e+00
-5.363000000000000433e+00
-5.371000000000000441e+00
-6.246000000000000441e+00
-6.144000000000000128e+00
-8.917999999999999261e+00
-5.376000000000000334e+00
-5.661999999999999922e+00
-6.017999999999999794e+00
-6.102000000000000313e+00
-5.391000000000000014e+00
-8.643000000000000682e+00
-5.879999999999999893e+00
-6.761000000000000121e+00
-5.424999999999999822e+00
-8.343999999999999417e+00
-8.010999999999999233e+00
-7.153999999999999915e+00
-5.727999999999999758e+00
-5.528999999999999915e+00
-6.796000000000000263e+00
-5.620000000000000107e+00
-5.804000000000000270e+00
-7.583000000000000185e+00
-6.251000000000000334e+00
-5.934999999999999609e+00
-6.483999999999999986e+00
-7.006999999999999673e+00
-6.716999999999999638e+00
-6.240999999999999659e+00
-6.041999999999999815e+00
-5.251999999999999780e+00
-1.107999999784662215e+01
-7.096000000137772545e+00
-5.045000000105605231e+00
-5.857000000117744243e+00
-1.091999999809181965e+01
-5.788000000110461229e+00
-7.037000000137771494e+00
-5.052000000105604904e+00
-6.986000000138986366e+00
-1.056999999859981720e+01
-5.059000000105604578e+00
-5.728000000106819201e+00
-6.935000000140806087e+00
-5.069000000105605253e+00
-1.028000000002427505e+01
-5.689000000103784593e+00
-5.661000000101962470e+00
-9.969000000061299716e+00
-6.879000000140806925e+00
-5.082000000104997639e+00
-5.102000000101356569e+00
-9.673000000050979708e+00
-6.814000000140199909e+00
-5.640000000099535171e+00
-9.380000000047948205e+00
-5.628000000097715727e+00
-5.139000000086790365e+00
-6.728000000140806236e+00
-6.622000000142020504e+00
-9.088000000044912596e+00
-5.628000000092860056e+00
-5.213000000052195659e+00
-6.478000000139592984e+00
-5.363999999988468659e+00
-5.644000000083148727e+00
-8.802000000041877215e+00
-6.307000000131096407e+00
-5.664999999886504156e+00
-5.671000000076472425e+00
-8.505000000043093422e+00
-8.178000000046125706e+00
-6.236999999749339274e+00
-6.142000000114101965e+00
-5.683000000087397474e+00
-6.967999999741449457e+00
-6.024000000104997810e+00
-5.717000000071010390e+00
-7.753000000047947537e+00
-6.607000000099536585e+00
-5.908000000112888728e+00
-6.044999999959335568e+00
-7.185000000050374425e+00
-6.618999999842805515e+00
-6.753000000032166383e+00
-6.217000000054622610e+00
-5.575000000095894137e+00
-7.521742635555916046e+00
-7.325459799996307808e+00
-5.220844849994996650e+00
-6.053066231994932878e+00
-7.763110649177117573e+00
-5.971943241995501417e+00
-7.266435201995002480e+00
-5.227795653992381553e+00
-7.217459799995122438e+00
-8.243641374338473327e+00
-5.234795653992375897e+00
-5.905869447995134358e+00
-7.169484397994650315e+00
-5.244795653992378348e+00
-1.026017766080348181e+01
-5.861820251995479403e+00
-5.830771055994640406e+00
-1.004397531455778925e+01
-7.113459799993340660e+00
-5.256844849995580660e+00
-5.270918644003052655e+00
-9.757762537987535012e+00
-7.047435201992625409e+00
-5.805746457995700105e+00
-9.459811733996270178e+00
-5.790746457997475005e+00
-5.283967840019884399e+00
-6.962435201992030365e+00
-6.858435201990848995e+00
-9.162737939995402314e+00
-5.782746458002213430e+00
-5.300795654044513583e+00
-6.710435201993215415e+00
-5.346106910070135498e+00
-5.782697262009079964e+00
-8.871737939998361355e+00
-6.525287613993667080e+00
-5.477655628092541917e+00
-5.798475880003847394e+00
-8.576762537998485314e+00
-8.254811733998138834e+00
-5.821294220100903694e+00
-6.332041633997176788e+00
-5.828475879993166409e+00
-6.536859017979168129e+00
-6.198721859989070992e+00
-5.835697262020913989e+00
-7.832860929998975763e+00
-6.772451281979871673e+00
-6.096066231999638596e+00
-5.978147588047586503e+00
-7.268885527997917428e+00
-6.358155150055438298e+00
-6.805114471921540620e+00
-6.308008518000306708e+00
-5.734648065994029764e+00
-7.125248755197329587e+00
-7.420543655130528826e+00
-5.292157572878164018e+00
-6.132936676470824189e+00
-7.264879535441802538e+00
-6.047059490826243611e+00
-7.360568252658244326e+00
-5.297206690918859096e+00
-7.312543674384212267e+00
-7.495346625086670933e+00
-5.304206652411491696e+00
-5.978133206394654842e+00
-7.265519076856498337e+00
-5.314206671665175463e+00
-7.947805014308381821e+00
-5.932182324435348875e+00
-5.899231442476042808e+00
-9.037991395298973885e+00
-7.208543616623161121e+00
-5.328157515117112553e+00
-5.345083799548703496e+00
-9.787199219571217412e+00
-7.141568156389825006e+00
-5.873255982242707951e+00
-9.491188320092776465e+00
-5.858255962989026067e+00
-5.360034777776427894e+00
-7.056568117882458857e+00
-6.952568137136142745e+00
-9.191263094613789875e+00
-5.850255982242709152e+00
-5.370207114499901735e+00
-6.804568117882459966e+00
-5.388895575724347964e+00
-5.848305215805505775e+00
-8.900263113867476150e+00
-6.613715568272962031e+00
-5.464345501355350798e+00
-5.855526497286521526e+00
-8.606238554847127631e+00
-8.286189436806434827e+00
-5.716703975963421946e+00
-6.410961235491171806e+00
-5.885526189227580751e+00
-6.338135164948348610e+00
-6.265280599024107389e+00
-5.901305138790769789e+00
-7.866140299512053957e+00
-6.828548957655339535e+00
-6.175936310650832262e+00
-5.983853608562102799e+00
-7.303115759745389290e+00
-6.286843774879699254e+00
-6.770883835927251404e+00
-6.346992926136285185e+00
-5.798354295338833175e+00
-6.678008626040426776e+00
-7.599996506157649101e+00
-5.417997552336425215e+00
-6.283997058855874229e+00
-6.755009810393884706e+00
-6.188997236508876121e+00
-7.539996506157652156e+00
-5.418997631293312800e+00
-7.492996486418428859e+00
-6.872011922491003233e+00
-5.423997670771756319e+00
-6.115997315465764750e+00
-7.445996486418426485e+00
-5.434997651032533739e+00
-7.048016580949936660e+00
-6.065997394422654843e+00
-6.028997473379543948e+00
-7.309033615895753400e+00
-7.385996545636092314e+00
-5.450997611554088351e+00
-5.471997532597199232e+00
-7.801039221832851922e+00
-7.315996604853758356e+00
-5.999997532597209471e+00
-9.493999960521502857e+00
-5.983997552336432157e+00
-5.495997354944203828e+00
-7.228996644332201349e+00
-7.125996624592981554e+00
-9.244998953821216503e+00
-5.976997532597210672e+00
-5.513997197030443331e+00
-6.976996644332201569e+00
-5.517997473379588236e+00
-5.976997493118771487e+00
-8.954998934081995543e+00
-6.778996782506761853e+00
-5.522998835385960703e+00
-5.978997591814892765e+00
-8.662998894603552102e+00
-8.346998815646662351e+00
-5.623001796269326391e+00
-6.559997098334320320e+00
-5.992997907642434896e+00
-6.036005862549094658e+00
-6.392997512857990117e+00
-6.025997572075656450e+00
-7.929998756428995321e+00
-6.840999782868468770e+00
-6.307997433901082474e+00
-6.045998776168263866e+00
-7.369998697211329386e+00
-6.231001065918078119e+00
-6.683001717312319734e+00
-6.421998539297549158e+00
-5.920997611554102313e+00
-6.244999999745805219e+00
-7.955000000641317293e+00
-5.640000000445423822e+00
-6.576000000510720866e+00
-6.275999999699164000e+00
-6.467000000492065581e+00
-7.892000000627325207e+00
-5.634000000426767407e+00
-7.845000000617996960e+00
-6.327999999633866501e+00
-5.635000000408110665e+00
-6.388000000485069663e+00
-7.792000000597007592e+00
-5.643000000391786841e+00
-6.408999999545248016e+00
-6.333000000475741409e+00
-6.290000000468745078e+00
-6.520999999433308325e+00
-7.721000000569024024e+00
-5.660000000373130113e+00
-5.683000000356805970e+00
-6.688999999277061015e+00
-7.641000000552699234e+00
-6.255000000464081111e+00
-6.930999999060178496e+00
-6.234000000459416491e+00
-5.712000000354472640e+00
-7.550000000545702861e+00
-7.448000000543371080e+00
-7.330999998680052698e+00
-6.223000000457084013e+00
-5.745000000361470072e+00
-7.302000000550366465e+00
-5.776000000380125954e+00
-6.224000000452419634e+00
-8.219999997472044129e+00
-7.095000000545702790e+00
-5.790000000426767102e+00
-6.235000000443092993e+00
-8.782999997742562570e+00
-8.477000000272852276e+00
-5.767000000527046311e+00
-6.846000000501393679e+00
-6.245000000464080436e+00
-5.820000000319493161e+00
-6.650000000459416860e+00
-6.252000000468744823e+00
-8.068000000291506879e+00
-6.432999999407655878e+00
-6.525000000431432134e+00
-6.290000000431431815e+00
-7.514000000307832217e+00
-6.395000000583014987e+00
-6.553000000013992299e+00
-6.579000000319491726e+00
-6.193000000604003574e+00
-6.136000127713766794e+00
-8.230001229620640402e+00
-5.831000969355668140e+00
-6.795000969290371451e+00
-6.147000028009437678e+00
-6.678000941600424234e+00
-8.161001196384308543e+00
-5.817000936124001598e+00
-8.110001157601594457e+00
-6.170999911698604734e+00
-5.810000919517496420e+00
-6.596000930523979733e+00
-8.048001107747097649e+00
-5.811000886283497202e+00
-6.213999773244210267e+00
-6.537000913908146416e+00
-6.491000908373422362e+00
-6.277999623729694001e+00
-7.965001057899597114e+00
-5.820000841968390404e+00
-5.836000797650950034e+00
-6.378999424384002026e+00
-7.878001030207319566e+00
-6.454000897294644545e+00
-6.527999147514857547e+00
-6.431000897299309571e+00
-5.864000736694355176e+00
-7.784001013589153750e+00
-7.681001008049766376e+00
-6.764998732265943282e+00
-6.419000891759919725e+00
-5.900000708978757835e+00
-7.538001019126210345e+00
-5.939000714501822209e+00
-6.418000886222864132e+00
-7.135998101717807351e+00
-7.329001019130874539e+00
-5.973000742163782739e+00
-6.425000886232192343e+00
-7.814996716017161837e+00
-8.593996713486887984e+00
-5.993000863981356119e+00
-7.061000947132816563e+00
-6.444000869586042235e+00
-5.957001119108053189e+00
-6.847000891757589081e+00
-6.453000936082024630e+00
-8.193000670256676443e+00
-6.178999917466533986e+00
-6.710000864076970828e+00
-6.475000808659765461e+00
-7.646000709032394482e+00
-6.645000958134636093e+00
-6.559000570783220851e+00
-6.716000747812779004e+00
-6.452001257366554832e+00
-6.159033241141600001e+00
-8.452055800017978626e+00
-6.006044229727688588e+00
-6.970043319675986560e+00
-6.152028487253230260e+00
-6.848042133973915924e+00
-8.377052799752538803e+00
-5.986043352916221139e+00
-8.319051018429405531e+00
-6.155021929881573151e+00
-5.976042459484638414e+00
-6.764041538352858929e+00
-8.248048641485217658e+00
-5.971041886023740197e+00
-6.173013877917234105e+00
-6.702041251622408602e+00
-6.655040953811880655e+00
-6.210005230331834269e+00
-8.156046567891600318e+00
-5.972041323642921284e+00
-5.980040154560970045e+00
-6.274996025905648089e+00
-8.064045078838960379e+00
-6.616040661541392254e+00
-6.373986595689443924e+00
-6.593040358190826566e+00
-5.997038698748567320e+00
-7.967044488757941245e+00
-7.863044190947414691e+00
-6.535973663767421726e+00
-6.580040363730864428e+00
-6.028035996293660936e+00
-7.722044483217902489e+00
-6.068033260598508782e+00
-6.578040369270903298e+00
-6.792953060792193298e+00
-7.513044786568469746e+00
-6.107032626197169911e+00
-6.585040369270904748e+00
-7.221919560486786516e+00
-8.000846756350606270e+00
-6.149035841172540096e+00
-7.232042128433874950e+00
-6.601040082540455600e+00
-6.159046203600579084e+00
-7.008040363730863476e+00
-6.622040016059978385e+00
-8.314035731722903222e+00
-6.164031934910259913e+00
-6.866039784729927042e+00
-6.621042570285434081e+00
-7.774037513046502035e+00
-6.818038173796417745e+00
-6.662040078352021943e+00
-6.851038991019064106e+00
-6.679036661231910976e+00
-6.269414668398959556e+00
-8.640430423549247507e+00
-6.155333261124270372e+00
-7.116331141922434433e+00
-6.246389241641659318e+00
-6.990329325002178074e+00
-8.555406208538824941e+00
-6.132325088659700718e+00
-8.491389863507981417e+00
-6.227353523217955100e+00
-6.119322969305309279e+00
-6.904323876760267709e+00
-8.412368070336937009e+00
-6.112320547567637874e+00
-6.218304183986067990e+00
-6.841321152588461629e+00
-6.793318428467506109e+00
-6.226237290139359892e+00
-8.313349001286843176e+00
-6.111318125880816687e+00
-6.115322362223293062e+00
-6.260146788313391220e+00
-8.216344460194779487e+00
-6.753318730850788931e+00
-6.327050535353711425e+00
-6.729319033284921758e+00
-6.127317821334638204e+00
-8.117339011902016566e+00
-8.012339314285300773e+00
-6.444951858188350258e+00
-6.716316006729834420e+00
-6.149314490182519854e+00
-7.872339011902017347e+00
-6.180286946386279290e+00
-6.714312980225597194e+00
-6.631839858526556775e+00
-7.664341736073822631e+00
-6.217260311801078743e+00
-6.721316006729834314e+00
-6.945641591574342577e+00
-7.484320719791057286e+00
-6.270266064487462820e+00
-7.374326298396237434e+00
-6.736316309163968619e+00
-6.315291798055542749e+00
-7.144312980174744254e+00
-6.757307229549552652e+00
-8.432940716926507818e+00
-6.269404073840754599e+00
-7.000313584992161609e+00
-6.764344155496045730e+00
-7.900331137901755341e+00
-6.947302990993327043e+00
-6.796331744220990956e+00
-6.982341732103996890e+00
-6.803980353080542720e+00
-6.422973455339450410e+00
-8.806719377537984172e+00
-6.284358684787724414e+00
-7.244415761830637734e+00
-6.389839447009268092e+00
-7.117310197621405266e+00
-8.712365650912742510e+00
-6.258258847162880834e+00
-8.642057548161625746e+00
-6.356662678097154462e+00
-6.244153282953650574e+00
-7.029315924205797650e+00
-8.554863599496329130e+00
-6.236101932495131450e+00
-6.328283370643159600e+00
-6.965264573747278476e+00
-6.916267437039473442e+00
-6.310758601690191760e+00
-8.448666787538838818e+00
-6.234104795787327902e+00
-6.239156146245851353e+00
-6.310823029069061008e+00
-8.349509872871088589e+00
-6.876213223288759835e+00
-6.341405259275886941e+00
-6.852213223288760702e+00
-6.249216086580961615e+00
-8.248461385704763060e+00
-8.143407171954050838e+00
-6.420667933562821617e+00
-6.838216086580954922e+00
-6.269276026916074329e+00
-8.003461385704763842e+00
-6.290142018585885175e+00
-6.835273163623865500e+00
-6.562059078396576872e+00
-7.796512736163283996e+00
-6.317679864459204708e+00
-6.843216086580955704e+00
-6.797002574365649252e+00
-7.202308771047567504e+00
-6.373454419579748453e+00
-7.500258847162885267e+00
-6.858216086580954496e+00
-6.430528487574806995e+00
-7.265218949873148091e+00
-6.876278890208254779e+00
-8.080595240045758132e+00
-6.418442771001082292e+00
-7.121164736122435279e+00
-6.896458522412575398e+00
-8.026855198420763671e+00
-7.064230403041933393e+00
-6.923039128867837455e+00
-7.113006386504125977e+00
-6.807868483968823270e+00
-6.528584395175896837e+00
-8.908801872436248104e+00
-6.362269849914294895e+00
-7.323215480490649298e+00
-6.492747504074054987e+00
-7.194324219482682636e+00
-8.808182459173734102e+00
-6.334378589002824356e+00
-8.732508676294580496e+00
-6.455964982637097727e+00
-6.318487327994859015e+00
-7.106324219579177814e+00
-8.641726154568138085e+00
-6.309541697515000713e+00
-6.420399939328954808e+00
-7.041378589099320351e+00
-6.992378589147567602e+00
-6.392998004725976458e+00
-8.531943632793447918e+00
-6.307541697563248562e+00
-6.313487328043105862e+00
-6.376031026284130654e+00
-8.430106741305623430e+00
-6.951432958619460756e+00
-6.381553373185820277e+00
-6.927432958619461623e+00
-6.324432958667708604e+00
-8.328161110874011896e+00
-8.222215480345905547e+00
-6.430401937015365554e+00
-6.913432958667709016e+00
-6.345378589292311133e+00
-8.083161110874010902e+00
-6.363541698190468665e+00
-6.911378589244063342e+00
-6.543141762238860792e+00
-7.877106741353868458e+00
-6.383031023871740040e+00
-6.918432958667709798e+00
-6.740425283773466170e+00
-7.078503000437689430e+00
-6.435248501614571737e+00
-7.576378589002825237e+00
-6.933432958667708590e+00
-6.494139762091810653e+00
-7.340432958715956246e+00
-6.952378589340558079e+00
-7.810419596819580867e+00
-6.515128090087822343e+00
-7.195487328187851084e+00
-6.976161110825763956e+00
-8.112780524811997296e+00
-7.139432958908948024e+00
-6.995596066842150407e+00
-7.201617416203323963e+00
-6.773120409114358864e+00
