
-9.60209646245029
-5.90589956996811
-6.36201286161651
-5.0227906116885
-9.50152467688267
-5.0118304408915
-5.84573477451718
-6.515680625408
-5.78384120082152
-9.3954576277521
-6.70816105502461
-5.01327646457368
-5.71386949802106
-6.98788288819306
-9.27637826736566
-5.02658689275255
-5.05585023645472
-9.13538581239805
-5.63396179748249
-7.42986576944965
-7.80118560349524
-8.95059397457371
-5.5510972846048
-5.11294774072019
-8.73778025990023
-5.19869825973522
-7.6622946318555
-5.46428820168502
-5.39365914923523
-8.49372064437955
-5.33441020296246
-7.42832188633132
-5.35920908053606
-7.18072053148822
-5.53639233628942
-8.23041233985965
-5.42035314647711
-6.90268307462282
-5.85192813989821
-7.93610105407506
-7.6085201903248
-6.57501475712392
-5.68971486166955
-6.40466054098184
-6.17655773356998
-6.37347495254623
-6.77673943617695
-7.17418079655002
-5.60598464526995
-7.02150173808742
-6.24419943503845
-6.58687914978725
-6.08256366718703
-5.30466565032205
-5.64925846176583
-4.70083186893055
-9.95907037372519
-6.21745409314397
-5.3746365704585
-5.16030306931015
-9.86300483368914
-5.13644827731564
-6.15836992883857
-5.44852482623608
-6.09949493952827
-9.74829677197754
-5.5572467545385
-5.11690059037279
-6.03251359688121
-5.71222527697702
-9.59890599238996
-5.10633070624435
-5.10464226839216
-9.41026875790364
-5.95646245750082
-5.93049587368262
-6.22489444875645
-9.18578464575858
-5.87431843608981
-5.11501812928908
-8.95693082122025
-5.14147878699363
-6.64595373445872
-5.77615937293494
-5.67108548113323
-8.70126922462186
-5.19994749378643
-7.16706332460975
-5.55222518459907
-7.39267834033729
-5.30953416886126
-8.42855945696189
-5.44862152139444
-7.14260790596631
-5.50278869588381
-8.13062989248825
-7.80046750515302
-6.82692957409639
-5.44789625017713
-5.8218831458734
-6.4358923867054
-5.74348497961897
-6.38363128735844
-7.36893564047056
-5.87300472839161
-6.75865475084771
-6.6055501116151
-6.77819643842923
-6.35281774122388
-5.69648477170203
-5.84378074127877
-4.94878164843868
-10.5375405767751
-6.65079476202335
-4.88199613477749
-5.47541323935018
-10.444097218079
-5.43080143861145
-6.59285711609442
-4.89342733336564
-6.53698081211851
-10.2720764776626
-4.92491114551508
-5.39197628993835
-6.47797190668
-4.97619239243065
-10.0202585651112
-5.36815852823952
-5.35619533923342
-9.72068300381448
-6.41192048723233
-5.05730256933523
-5.17959816820778
-9.44394296028751
-6.3378454614629
-5.3551723011035
-9.19139797196882
-5.36222111365366
-5.37435686316556
-6.24572001893619
-6.14347492153705
-8.91780314631966
-5.37529601855812
-5.66632892038066
-6.01714273771646
-6.10685672526762
-5.39082021210283
-8.64297852313701
-5.87859458005683
-6.7569610973669
-5.42599133938393
-8.34428263000273
-8.01151985475374
-7.14268626766877
-5.72741791485041
-5.53241549682111
-6.79573997248885
-5.62673426681487
-5.81167405076003
-7.58220164012827
-6.24601346352316
-5.9439279166358
-6.47029627154972
-7.00104664154282
-6.70377483887562
-6.2438652415869
-6.04860162730241
-5.26261016681781
-11.0249517473915
-7.09593725699409
-5.051137333533
-5.85634159638051
-10.8863173442815
-5.78739045319073
-7.03705449207121
-5.05263050064928
-6.98608179210883
-10.5528531436934
-5.06039043031883
-5.72748765119775
-6.93507277322754
-5.07062590012037
-10.2868421081793
-5.68853551919371
-5.66059302825931
-9.97858171569352
-6.87900185097836
-5.083697817798
-5.10374007686429
-9.67703070623958
-6.81393059048953
-5.63959793946417
-9.38155627063002
-5.62768611434761
-5.14093888479224
-6.7278356225339
-6.62177811408942
-9.0882888750758
-5.6276345843816
-5.21542784357491
-6.47768895280106
-5.36754852122471
-5.6433836339789
-8.80197061487315
-6.30666987205835
-5.67003809688672
-5.66999278100477
-8.50494801851677
-8.17818545090376
-6.24022297184356
-6.14144331133964
-5.68297117573184
-6.95315187446652
-6.02248590071635
-5.72104773181749
-7.75280858405908
-6.60159011220233
-5.9202461649568
-6.05084261230005
-7.17988738052356
-6.60719296089241
-6.74229187817409
-6.22275423411829
-5.58525926318654
-7.57160448277105
-7.32297545188119
-5.22077645622099
-6.05073061100854
-7.80279617711913
-5.96991998653082
-7.26403110315024
-5.22524682941856
-7.21503081556112
-8.2798365452036
-5.2330232024114
-5.90386034694137
-7.16700763542786
-5.24309833954719
-10.225093032672
-5.85987015480952
-5.82882796563543
-10.0392023337703
-7.11099318213303
-5.25516880565203
-5.26918742799861
-9.76294088573347
-7.04500686276047
-5.80382393474103
-9.46353492375464
-5.78884453185024
-5.2823159747119
-6.95997358839662
-6.85588493589551
-9.16380573391998
-5.78091246874717
-5.29950236009109
-6.707883106193
-5.34575568960579
-5.78108227587069
-8.87164527896746
-6.5229115545336
-5.47968145102906
-5.79684339098079
-8.57612920147112
-8.25405256499226
-5.82880918001144
-6.33017967137093
-5.82601394826354
-6.53915802745102
-6.19576957126236
-5.8340119121444
-7.83230090764199
-6.76357791180725
-6.0972577164129
-5.9848462154813
-7.2647752113459
-6.35881847193626
-6.79759209858906
-6.31042487285147
-5.73987497999663
-7.11872365509025
-7.42291909191549
-5.2949074374862
-6.13479473829454
-7.25232556291681
-6.04900138674252
-7.36307007085758
-5.29832327976748
-7.31503360213248
-7.48994814777936
-5.3058988459538
-5.97994700657489
-7.26797402193188
-5.31599420550654
-7.95881793362223
-5.93394360875955
-5.90093197695042
-9.01562605149084
-7.21098171893453
-5.33004198832256
-5.34699375940013
-9.74671530928686
-7.14398930939175
-5.87489720644756
-9.49341402511953
-5.85985432936012
-5.36198006913986
-7.05893447384535
-6.95490784150063
-9.19662316684726
-5.85181509337081
-5.37211437470934
-6.80680688819151
-5.39044502728761
-5.84987607729276
-8.90301382565647
-6.61588817675338
-5.46493838011438
-5.8571609923656
-8.60762321220178
-8.28710575330214
-5.7172058665163
-6.41315073717982
-5.88651667049345
-6.33583940466416
-6.26674219961336
-5.90174814076598
-7.86725148815186
-6.81913178549846
-6.17817235637349
-5.9901905824253
-7.30125452812448
-6.28624937471965
-6.76425976547093
-6.3508922003217
-5.80659606845422
-6.67946319673153
-7.59990057338485
-5.41878479086663
-6.2836535260664
-6.75073237569559
-6.18911663033755
-7.54011934772201
-5.41788249358884
-7.49303269009884
-6.86974193469577
-5.42357664925708
-6.11594933551299
-7.44591468540167
-5.43470908406915
-7.05035175651566
-6.06597365337445
-6.02900899792321
-7.32922664897968
-7.38593722937271
-5.45089965366619
-5.47200543021107
-7.83860657802068
-7.31595291697648
-5.99999376532035
-9.45457584742093
-5.98393227736654
-5.49591860665226
-7.22893476068704
-7.12581548665764
-9.23066359747268
-5.97679495804665
-5.51367194857382
-6.97670194936321
-5.51769755175521
-5.97661791921253
-8.95003796865924
-6.77876387579501
-5.52365948600501
-5.9787969456914
-8.66452654004273
-8.34853417139868
-5.62712525044366
-6.56016019540149
-5.99295949795266
-6.04526645257578
-6.39325155075519
-6.02395832575925
-7.93042314869883
-6.820801931604
-6.30660288102804
-6.05343987202918
-7.36585789059719
-6.23488327906153
-6.67701559195912
-6.42671585569352
-5.92997630665884
-6.24727080718035
-7.95483279160573
-5.64083726542768
-6.57564453117075
-6.2742332135893
-6.46729229642355
-7.89222250249779
-5.63311488626027
-7.84497409973538
-6.32669316926865
-5.6345651156171
-6.38799810146332
-7.79185573413579
-5.64266233272049
-6.40717530647621
-6.33298329872646
-6.29003935886546
-6.51938768958112
-7.7209073050228
-5.65969747691095
-5.68278271883596
-6.69278518948034
-7.64099504823747
-6.25504534774049
-6.94521069084544
-6.23404208184283
-5.71194339761503
-7.54996048085068
-7.44783163972177
-7.34644016702164
-6.22303567489056
-5.7449527338007
-7.30159950995829
-5.77563769017453
-6.22390626065841
-8.21189138668751
-7.09462026981473
-5.78915183543621
-6.23458420344828
-8.76516846311264
-8.48000683204186
-5.76803724903082
-6.8462626403533
-6.24452820152482
-5.83010152656493
-6.65033839039866
-6.25154855695285
-8.06991997343263
-6.42299742840792
-6.52418353663282
-6.29265340602142
-7.50970242920436
-6.39802477179376
-6.55098520590092
-6.5845497441463
-6.19692841317703
-6.13801550841624
-8.22974726968279
-5.83165364340897
-6.7947590139771
-6.14614661789489
-6.67837755266788
-8.16127881536142
-5.81651531965787
-8.10992189491481
-6.17088136669359
-5.80995469872971
-6.5960188374648
-8.04785712970242
-5.810965477245
-6.21386173566161
-6.53704772206263
-6.4911020807422
-6.27762908704853
-7.96498467619846
-5.81995485387833
-5.83599053230699
-6.37807755174413
-7.87803950425882
-6.45406620403982
-6.52679105354843
-6.43108719749054
-5.86390243100685
-7.78398181572627
-7.68095066401249
-6.7662296499899
-6.41906088145359
-5.89992675875825
-7.53772152028543
-5.93899008680991
-6.41801441252167
-7.14519760091704
-7.328599453647
-5.97277444543108
-6.4250514554078
-7.8203560037435
-8.57558135764869
-5.99147891756555
-7.06126584492949
-6.4436133254144
-5.96056161318134
-6.84733376373007
-6.45267914934549
-8.19562586674536
-6.18180095839689
-6.71011561373209
-6.47526423446064
-7.643206831685
-6.64461966198569
-6.55986261967591
-6.72101978165706
-6.45002408526042
-6.16120688799013
-8.45182379672475
-6.00626872029996
-6.96982634399385
-6.15198691432176
-6.84837513890591
-8.37735218318107
-5.98554431700691
-8.31899975922163
-6.15546093543729
-5.97579107852445
-6.7639921699034
-8.24797290974364
-5.97084600022426
-6.1732815665534
-6.70208213693377
-6.65508228365126
-6.21004426197646
-8.15608602931533
-5.97193593854388
-5.97999011411326
-6.27484609511432
-8.06407983830385
-6.61609612776114
-6.3738087412867
-6.59305779077639
-5.99713273657862
-7.9670427694918
-7.8630456157614
-6.53589717316979
-6.58007264384041
-6.02807643814333
-7.72184639396919
-6.06794385258137
-6.57805375888557
-6.7939067216936
-7.51264164746024
-6.10709829642172
-6.58503423811985
-7.22849536563305
-7.99842291950222
-6.14856702630736
-7.23231066395693
-6.60101329931741
-6.15795104470009
-7.00829571390101
-6.62146330909226
-8.31221619630124
-6.17064436831447
-6.86649170271475
-6.62158685297687
-7.77320107776206
-6.81746789596755
-6.66274564810593
-6.8555744914514
-6.67333521598904
-6.270683925755
-8.63984482446576
-6.15511412291234
-7.1158096265038
-6.246252662199
-6.99037921819383
-8.55567520074492
-6.131533480826
-8.49120405779892
-6.22781842742602
-6.11880979890259
-6.90400973997008
-8.41215437363898
-6.11182134500381
-6.21887496426723
-6.84105335832769
-6.79305319541985
-6.22681086534347
-8.31319394915476
-6.11082451649733
-6.11492782973897
-6.26053690690766
-8.21625923294313
-6.75308611541648
-6.32717749171496
-6.72910870793083
-6.12699603474373
-8.11720427188961
-8.0122535844231
-6.44492388692168
-6.71608844696287
-6.14915671671982
-7.87208748597419
-6.18012450617621
-6.71405188075104
-6.63210980226798
-7.66379477456293
-6.21717199666001
-6.72106795096913
-6.94776548281115
-7.49184217400631
-6.27007756345552
-7.37440733394884
-6.73610697520195
-6.31311604335083
-7.14428940222085
-6.75682847659877
-8.41562894605201
-6.27494889443207
-7.00050158275158
-6.7644116818109
-7.89992246246215
-6.94690450674034
-6.79600305270141
-6.98666025399741
-6.79738885119914
-6.41774680058561
-8.80084380393089
-6.28012770412129
-7.23987099976644
-6.38404037354911
-7.1132464088
-8.70782791789873
-6.25368318130546
-8.63731181578848
-6.35155529337539
-6.23981957588615
-7.02499662957095
-8.55033925992493
-6.23181928733731
-6.32371190688722
-6.96101358413461
-6.91205312353147
-6.30691196387939
-8.44442968614963
-6.22986343108927
-6.23485355850317
-6.30799022280634
-8.34534065225447
-6.87202424681354
-6.33973313223359
-6.84802496570991
-6.24497114099668
-8.24432930578562
-8.13931122723787
-6.42019610164067
-6.83407976707717
-6.26501653291908
-7.999236194306
-6.28618956031648
-6.83116636619536
-6.56283165571343
-7.79193848053887
-6.3142711764684
-6.8390971845769
-6.80022600985008
-7.21338756938241
-6.37013627912608
-7.49637740569041
-6.8541186821834
-6.42584727186709
-7.26136631238723
-6.87223873531342
-8.09020456200267
-6.4161280093522
-7.11743430317937
-6.89228474128698
-8.02020985203708
-7.0600093076029
-6.9185995996835
-7.11253523572457
-6.80605687447557
-6.53415833892449
-8.91089102409463
-6.3678948269618
-7.32766473597336
-6.49700053547326
-7.19977061104468
-8.81254118027749
-6.33886342974425
-8.73638222724846
-6.46011614453185
-6.32288297155573
-7.11139165323886
-8.64545055787937
-6.31378652612832
-6.42419333250008
-7.04642773924423
-6.99740331065132
-6.39630918379443
-8.53577761511854
-6.31167106420403
-6.3174553551349
-6.37868227249193
-8.43386266448833
-6.95641590569312
-6.38342363639127
-6.93231778133918
-6.3283384815684
-8.33174857466889
-8.22567554306248
-6.43125391106088
-6.91822998682028
-6.3490705146526
-8.08629544607167
-6.36722654951731
-6.9160168556867
-6.54277000646777
-7.88004735386203
-6.38708135994107
-6.922851578652
-6.73881474475516
-7.07831354188139
-6.43937897741267
-7.58092061657009
-6.93761553215662
-6.49765492269274
-7.34536081915244
-6.95638198489264
-7.80033867266712
-6.52236612094822
-7.20032628378277
-6.98002504322553
-8.10108502888638
-7.14255809588737
-6.9980442509302
-7.20968155708671
-6.77230590639772
