
-9.596504211425781250e+00
-5.796530246734619141e+00
-6.322356700897216797e+00
-5.004912376403808594e+00
-9.535969734191894531e+00
-4.992954254150390625e+00
-5.756717205047607422e+00
-6.505644321441650391e+00
-5.718629360198974609e+00
-9.473175048828125000e+00
-6.742269992828369141e+00
-4.992668628692626953e+00
-5.678436756134033203e+00
-6.992681026458740234e+00
-9.409566879272460938e+00
-4.997414112091064453e+00
-5.019775390625000000e+00
-9.218369483947753906e+00
-5.637341976165771484e+00
-7.417930126190185547e+00
-7.801716327667236328e+00
-9.034321784973144531e+00
-5.550243377685546875e+00
-5.089302539825439453e+00
-8.797534942626953125e+00
-5.172844409942626953e+00
-7.665943145751953125e+00
-5.417789936065673828e+00
-5.379445552825927734e+00
-8.532395362854003906e+00
-5.298963069915771484e+00
-7.429492950439453125e+00
-5.352567672729492188e+00
-7.170064926147460938e+00
-5.494495868682861328e+00
-8.262524604797363281e+00
-5.386357784271240234e+00
-6.899369716644287109e+00
-5.824672698974609375e+00
-7.967262268066406250e+00
-7.674576282501220703e+00
-6.568553924560546875e+00
-5.623715877532958984e+00
-6.327617645263671875e+00
-6.156385898590087891e+00
-6.228606700897216797e+00
-6.778623580932617188e+00
-7.198256015777587891e+00
-5.530927181243896484e+00
-6.922106266021728516e+00
-6.190561294555664062e+00
-6.572613239288330078e+00
-6.077417850494384766e+00
-5.260760784149169922e+00
-5.693047046661376953e+00
-4.651214599609375000e+00
-9.885470390319824219e+00
-6.196256160736083984e+00
-5.361667633056640625e+00
-5.156256198883056641e+00
-9.793361663818359375e+00
-5.120717525482177734e+00
-6.141422748565673828e+00
-5.445177078247070312e+00
-6.081893920898437500e+00
-9.698824882507324219e+00
-5.542320251464843750e+00
-5.089128017425537109e+00
-6.027321338653564453e+00
-5.719140529632568359e+00
-9.631134986877441406e+00
-5.074817657470703125e+00
-5.070426464080810547e+00
-9.418639183044433594e+00
-5.969552516937255859e+00
-5.903219699859619141e+00
-6.231901168823242188e+00
-9.171389579772949219e+00
-5.887186050415039062e+00
-5.087270259857177734e+00
-8.932849884033203125e+00
-5.120422840118408203e+00
-6.687857151031494141e+00
-5.762897968292236328e+00
-5.616676807403564453e+00
-8.668190956115722656e+00
-5.190399646759033203e+00
-7.183535099029541016e+00
-5.479832172393798828e+00
-7.337036132812500000e+00
-5.244657993316650391e+00
-8.390847206115722656e+00
-5.426143646240234375e+00
-7.099496364593505859e+00
-5.450036525726318359e+00
-8.095765113830566406e+00
-7.797530651092529297e+00
-6.759077548980712891e+00
-5.441729068756103516e+00
-5.746350765228271484e+00
-6.386108875274658203e+00
-5.708118438720703125e+00
-6.410501003265380859e+00
-7.364138126373291016e+00
-5.810321331024169922e+00
-6.636994838714599609e+00
-6.640306949615478516e+00
-6.784563541412353516e+00
-6.427955150604248047e+00
-5.680556774139404297e+00
-5.869399547576904297e+00
-4.926338195800781250e+00
-1.052705097198486328e+01
-6.657894134521484375e+00
-4.899179458618164062e+00
-5.455415248870849609e+00
-1.046520709991455078e+01
-5.421451568603515625e+00
-6.601527690887451172e+00
-4.901735782623291016e+00
-6.550201416015625000e+00
-1.033427524566650391e+01
-4.915649890899658203e+00
-5.384058475494384766e+00
-6.496824741363525391e+00
-4.966974735260009766e+00
-1.015700054168701172e+01
-5.347828388214111328e+00
-5.325203418731689453e+00
-9.737422943115234375e+00
-6.442348480224609375e+00
-5.028518199920654297e+00
-5.163577556610107422e+00
-9.468428611755371094e+00
-6.383435726165771484e+00
-5.294725418090820312e+00
-9.214770317077636719e+00
-5.311469554901123047e+00
-5.339248180389404297e+00
-6.269537448883056641e+00
-6.136408329010009766e+00
-8.941027641296386719e+00
-5.336428165435791016e+00
-5.602619171142578125e+00
-6.011636734008789062e+00
-6.094727039337158203e+00
-5.365561008453369141e+00
-8.619506835937500000e+00
-5.858530521392822266e+00
-6.661507129669189453e+00
-5.384298801422119141e+00
-8.289473533630371094e+00
-7.967691421508789062e+00
-7.167545795440673828e+00
-5.713418960571289062e+00
-5.483021259307861328e+00
-6.766135692596435547e+00
-5.710153102874755859e+00
-5.770370483398437500e+00
-7.579719066619873047e+00
-6.164764404296875000e+00
-5.949436664581298828e+00
-6.500169277191162109e+00
-6.985955715179443359e+00
-6.718465328216552734e+00
-6.224796295166015625e+00
-6.091276645660400391e+00
-5.252151012420654297e+00
-1.062645530700683594e+01
-7.102811336517333984e+00
-5.094721317291259766e+00
-5.838198184967041016e+00
-1.063202571868896484e+01
-5.795043468475341797e+00
-7.045791149139404297e+00
-5.062086582183837891e+00
-6.993156909942626953e+00
-1.063202571868896484e+01
-5.045797824859619141e+00
-5.744005680084228516e+00
-6.938550472259521484e+00
-5.053942203521728516e+00
-1.056190013885498047e+01
-5.690340518951416016e+00
-5.642203807830810547e+00
-1.002275753021240234e+01
-6.882406711578369141e+00
-5.059850692749023438e+00
-5.130555629730224609e+00
-9.748843193054199219e+00
-6.823974609375000000e+00
-5.620139598846435547e+00
-9.418673515319824219e+00
-5.583251476287841797e+00
-5.171472072601318359e+00
-6.743763446807861328e+00
-6.606656551361083984e+00
-9.112140655517578125e+00
-5.588254451751708984e+00
-5.241863250732421875e+00
-6.459103107452392578e+00
-5.376617908477783203e+00
-5.607967853546142578e+00
-8.802982330322265625e+00
-6.292926311492919922e+00
-5.655296325683593750e+00
-5.628262996673583984e+00
-8.490708351135253906e+00
-8.162574768066406250e+00
-6.186877727508544922e+00
-6.110517501831054688e+00
-5.629484653472900391e+00
-6.899289608001708984e+00
-5.975481510162353516e+00
-5.686275005340576172e+00
-7.759231567382812500e+00
-6.495924472808837891e+00
-5.962480068206787109e+00
-6.060678958892822266e+00
-7.170135974884033203e+00
-6.384819030761718750e+00
-6.722471714019775391e+00
-6.258657455444335938e+00
-5.566730499267578125e+00
-7.501420974731445312e+00
-7.339931488037109375e+00
-5.239469051361083984e+00
-6.014196395874023438e+00
-7.821525096893310547e+00
-5.960013866424560547e+00
-7.274799823760986328e+00
-5.232539653778076172e+00
-7.214655399322509766e+00
-8.535148620605468750e+00
-5.228412628173828125e+00
-5.900547027587890625e+00
-7.152213573455810547e+00
-5.209617614746093750e+00
-1.054537487030029297e+01
-5.853718280792236328e+00
-5.810142993927001953e+00
-1.008417415618896484e+01
-7.096265316009521484e+00
-5.197497844696044922e+00
-5.256103038787841797e+00
-9.822042465209960938e+00
-7.037836551666259766e+00
-5.776319026947021484e+00
-9.498925209045410156e+00
-5.755401134490966797e+00
-5.282844543457031250e+00
-6.966817855834960938e+00
-6.829073429107666016e+00
-9.197494506835937500e+00
-5.756742954254150391e+00
-5.308864593505859375e+00
-6.665104389190673828e+00
-5.357084751129150391e+00
-5.743913173675537109e+00
-8.887748718261718750e+00
-6.496665954589843750e+00
-5.461287021636962891e+00
-5.750229358673095703e+00
-8.571988105773925781e+00
-8.251469612121582031e+00
-5.840938091278076172e+00
-6.314108371734619141e+00
-5.777263164520263672e+00
-6.498828887939453125e+00
-6.162056446075439453e+00
-5.791836261749267578e+00
-7.846721649169921875e+00
-6.739332675933837891e+00
-6.060816287994384766e+00
-5.976441860198974609e+00
-7.265438556671142578e+00
-6.281772613525390625e+00
-6.724226474761962891e+00
-6.341737747192382812e+00
-5.744793415069580078e+00
-7.116953372955322266e+00
-7.443245410919189453e+00
-5.311197757720947266e+00
-6.098115444183349609e+00
-7.346045970916748047e+00
-6.040586471557617188e+00
-7.378476619720458984e+00
-5.298619747161865234e+00
-7.318332672119140625e+00
-7.624335765838623047e+00
-5.289799213409423828e+00
-5.977518558502197266e+00
-7.255933761596679688e+00
-5.278432369232177734e+00
-8.338720321655273438e+00
-5.923973083496093750e+00
-5.888357639312744141e+00
-9.508447647094726562e+00
-7.191746234893798828e+00
-5.278551101684570312e+00
-5.305777072906494141e+00
-9.853743553161621094e+00
-7.127077102661132812e+00
-5.845640659332275391e+00
-9.541675567626953125e+00
-5.827234268188476562e+00
-5.340869426727294922e+00
-7.060076236724853516e+00
-6.926437377929687500e+00
-9.229382514953613281e+00
-5.822338104248046875e+00
-5.360416412353515625e+00
-6.759162902832031250e+00
-5.389945983886718750e+00
-5.818443298339843750e+00
-8.923721313476562500e+00
-6.581468105316162109e+00
-5.455344676971435547e+00
-5.821482181549072266e+00
-8.602909088134765625e+00
-8.282484054565429688e+00
-5.710050582885742188e+00
-6.398888111114501953e+00
-5.829980850219726562e+00
-6.307768344879150391e+00
-6.245867252349853516e+00
-5.855307102203369141e+00
-7.883088588714599609e+00
-6.772710800170898438e+00
-6.136238574981689453e+00
-5.968833446502685547e+00
-7.309036731719970703e+00
-6.262516021728515625e+00
-6.677614688873291016e+00
-6.377932071685791016e+00
-5.816462039947509766e+00
-6.648233413696289062e+00
-7.615782260894775391e+00
-5.435001373291015625e+00
-6.243130207061767578e+00
-6.810076236724853516e+00
-6.185358524322509766e+00
-7.554613590240478516e+00
-5.422999858856201172e+00
-7.496110439300537109e+00
-7.007372379302978516e+00
-5.413520336151123047e+00
-6.120085239410400391e+00
-7.433794498443603516e+00
-5.403793334960937500e+00
-7.240688800811767578e+00
-6.069347381591796875e+00
-6.021655559539794922e+00
-7.410211563110351562e+00
-7.369655609130859375e+00
-5.386929988861083984e+00
-5.406915187835693359e+00
-7.974330902099609375e+00
-7.301740646362304688e+00
-5.979619503021240234e+00
-9.578498840332031250e+00
-5.956756114959716797e+00
-5.442388534545898438e+00
-7.226801395416259766e+00
-7.095917224884033203e+00
-9.276194572448730469e+00
-5.950258731842041016e+00
-5.459533214569091797e+00
-6.928323268890380859e+00
-5.484498500823974609e+00
-5.942840576171875000e+00
-8.965373039245605469e+00
-6.726996898651123047e+00
-5.511121273040771484e+00
-5.946500301361083984e+00
-8.651095390319824219e+00
-8.335502624511718750e+00
-5.586233615875244141e+00
-6.544216156005859375e+00
-5.944623470306396484e+00
-6.009585857391357422e+00
-6.385501384735107422e+00
-5.954294681549072266e+00
-7.969705581665039062e+00
-6.808542251586914062e+00
-6.246501922607421875e+00
-6.008499622344970703e+00
-7.383246898651123047e+00
-6.254297256469726562e+00
-6.599758625030517578e+00
-6.440034389495849609e+00
-5.937948703765869141e+00
-6.182082653045654297e+00
-7.965570926666259766e+00
-5.665168762207031250e+00
-6.508970737457275391e+00
-6.269644260406494141e+00
-6.456590175628662109e+00
-7.898839473724365234e+00
-5.648919582366943359e+00
-7.837108612060546875e+00
-6.352951049804687500e+00
-5.639610290527343750e+00
-6.403671741485595703e+00
-7.772970676422119141e+00
-5.632363796234130859e+00
-6.469802856445312500e+00
-6.354034423828125000e+00
-6.305445194244384766e+00
-6.596534252166748047e+00
-7.707031250000000000e+00
-5.626432418823242188e+00
-5.651586055755615234e+00
-6.736791133880615234e+00
-7.631610870361328125e+00
-6.252437114715576172e+00
-6.882900238037109375e+00
-6.212675571441650391e+00
-5.690484523773193359e+00
-7.552223682403564453e+00
-7.448474884033203125e+00
-7.312960147857666016e+00
-6.217004299163818359e+00
-5.706245899200439453e+00
-7.282037734985351562e+00
-5.723852634429931641e+00
-6.203193187713623047e+00
-8.298754692077636719e+00
-7.048709869384765625e+00
-5.728944301605224609e+00
-6.203592300415039062e+00
-8.764672279357910156e+00
-8.468116760253906250e+00
-5.730775356292724609e+00
-6.830049037933349609e+00
-6.201573848724365234e+00
-5.791578769683837891e+00
-6.636554241180419922e+00
-6.201006412506103516e+00
-8.099712371826171875e+00
-6.443944454193115234e+00
-6.474766254425048828e+00
-6.210707187652587891e+00
-7.515032291412353516e+00
-6.409971237182617188e+00
-6.464594364166259766e+00
-6.608251094818115234e+00
-6.208222866058349609e+00
-6.159749507904052734e+00
-8.234319686889648438e+00
-5.881744384765625000e+00
-6.719622135162353516e+00
-6.217390537261962891e+00
-6.669132709503173828e+00
-8.165205955505371094e+00
-5.843648910522460938e+00
-8.100372314453125000e+00
-6.223417758941650391e+00
-5.828402042388916016e+00
-6.611948490142822266e+00
-8.033069610595703125e+00
-5.815959930419921875e+00
-6.219915866851806641e+00
-6.559276580810546875e+00
-6.510010242462158203e+00
-6.292032718658447266e+00
-7.952991008758544922e+00
-5.803135395050048828e+00
-5.810698986053466797e+00
-6.397708415985107422e+00
-7.874514102935791016e+00
-6.455526351928710938e+00
-6.547605991363525391e+00
-6.408272266387939453e+00
-5.845747470855712891e+00
-7.791656017303466797e+00
-7.689485073089599609e+00
-6.734443664550781250e+00
-6.409566402435302734e+00
-5.885412216186523438e+00
-7.547044754028320312e+00
-5.911613464355468750e+00
-6.391746044158935547e+00
-7.236681461334228516e+00
-7.305831909179687500e+00
-5.934861660003662109e+00
-6.389410495758056641e+00
-7.999996185302734375e+00
-8.506301879882812500e+00
-5.938909053802490234e+00
-7.056159973144531250e+00
-6.401807785034179688e+00
-5.940427303314208984e+00
-6.848024368286132812e+00
-6.409780025482177734e+00
-8.213294029235839844e+00
-6.204835891723632812e+00
-6.676530838012695312e+00
-6.419309616088867188e+00
-7.630967617034912109e+00
-6.593618869781494141e+00
-6.506290435791015625e+00
-6.761323928833007812e+00
-6.418294429779052734e+00
-6.184755802154541016e+00
-8.463116645812988281e+00
-6.048249721527099609e+00
-6.893981933593750000e+00
-6.215487003326416016e+00
-6.842946529388427734e+00
-8.382435798645019531e+00
-6.014976024627685547e+00
-8.305905342102050781e+00
-6.244120121002197266e+00
-5.991790771484375000e+00
-6.784477233886718750e+00
-8.228363037109375000e+00
-5.971734523773193359e+00
-6.237332820892333984e+00
-6.728659152984619141e+00
-6.673585414886474609e+00
-6.241744995117187500e+00
-8.140063285827636719e+00
-5.954023361206054688e+00
-5.950628757476806641e+00
-6.266427516937255859e+00
-8.057475090026855469e+00
-6.613313674926757812e+00
-6.367242336273193359e+00
-6.568390369415283203e+00
-5.984183788299560547e+00
-7.975087642669677734e+00
-7.884400844573974609e+00
-6.530500888824462891e+00
-6.564182758331298828e+00
-6.011392116546630859e+00
-7.745740413665771484e+00
-6.036916255950927734e+00
-6.544534206390380859e+00
-6.782304763793945312e+00
-7.497460842132568359e+00
-6.074746608734130859e+00
-6.539880752563476562e+00
-7.340935230255126953e+00
-8.085446357727050781e+00
-6.098663806915283203e+00
-7.235076427459716797e+00
-6.568193435668945312e+00
-6.100135803222656250e+00
-7.013697147369384766e+00
-6.584133148193359375e+00
-8.343838691711425781e+00
-6.153435230255126953e+00
-6.826281070709228516e+00
-6.588899135589599609e+00
-7.756075382232666016e+00
-6.759643077850341797e+00
-6.610974788665771484e+00
-6.855491638183593750e+00
-6.683326721191406250e+00
-6.257963657379150391e+00
-8.652886390686035156e+00
-6.175884246826171875e+00
-7.033458709716796875e+00
-6.246719360351562500e+00
-6.984451293945312500e+00
-8.573079109191894531e+00
-6.147186756134033203e+00
-8.487268447875976562e+00
-6.262587070465087891e+00
-6.127576828002929688e+00
-6.926823139190673828e+00
-8.391078948974609375e+00
-6.106351375579833984e+00
-6.261213302612304688e+00
-6.869447231292724609e+00
-6.814373016357421875e+00
-6.257109165191650391e+00
-8.293696403503417969e+00
-6.087117671966552734e+00
-6.073503017425537109e+00
-6.283548831939697266e+00
-8.208175659179687500e+00
-6.753128051757812500e+00
-6.318627834320068359e+00
-6.704763889312744141e+00
-6.101163864135742188e+00
-8.127544403076171875e+00
-8.037963867187500000e+00
-6.444198608398437500e+00
-6.702178955078125000e+00
-6.128890991210937500e+00
-7.885678768157958984e+00
-6.161419391632080078e+00
-6.675343036651611328e+00
-6.614435195922851562e+00
-7.649837970733642578e+00
-6.194683551788330078e+00
-6.678285598754882812e+00
-6.960839748382568359e+00
-7.555339336395263672e+00
-6.223785877227783203e+00
-7.377231121063232422e+00
-6.707658290863037109e+00
-6.241102695465087891e+00
-7.153535366058349609e+00
-6.718888759613037109e+00
-8.344192504882812500e+00
-6.266054630279541016e+00
-6.939352512359619141e+00
-6.725222110748291016e+00
-7.914692401885986328e+00
-6.891380310058593750e+00
-6.731285095214843750e+00
-6.978593349456787109e+00
-6.784870624542236328e+00
-6.322853565216064453e+00
-8.800555229187011719e+00
-6.287473678588867188e+00
-7.149316787719726562e+00
-6.310903549194335938e+00
-7.100306987762451172e+00
-8.720859527587890625e+00
-6.257799625396728516e+00
-8.633425712585449219e+00
-6.291022777557373047e+00
-6.233547210693359375e+00
-7.042868137359619141e+00
-8.538811683654785156e+00
-6.212350368499755859e+00
-6.287336826324462891e+00
-6.987640380859375000e+00
-6.933284759521484375e+00
-6.281021118164062500e+00
-8.434632301330566406e+00
-6.198173046112060547e+00
-6.183599948883056641e+00
-6.306278228759765625e+00
-8.350704193115234375e+00
-6.872022151947021484e+00
-6.340342044830322266e+00
-6.825314998626708984e+00
-6.207307815551757812e+00
-8.249793052673339844e+00
-8.168053627014160156e+00
-6.403364658355712891e+00
-6.819663524627685547e+00
-6.236069202423095703e+00
-8.018055915832519531e+00
-6.269742488861083984e+00
-6.786087512969970703e+00
-6.556253433227539062e+00
-7.778743743896484375e+00
-6.302667617797851562e+00
-6.796653747558593750e+00
-6.804321765899658203e+00
-7.196046829223632812e+00
-6.332107543945312500e+00
-7.497488498687744141e+00
-6.826182842254638672e+00
-6.352262496948242188e+00
-7.271739959716796875e+00
-6.831020355224609375e+00
-8.036547660827636719e+00
-6.377876758575439453e+00
-7.040964603424072266e+00
-6.840548038482666016e+00
-8.057187080383300781e+00
-7.016422271728515625e+00
-6.846609592437744141e+00
-7.125091552734375000e+00
-6.782249927520751953e+00
-6.337539672851562500e+00
-8.888154029846191406e+00
-6.367114543914794922e+00
-7.229814052581787109e+00
-6.339687824249267578e+00
-7.181409835815429688e+00
-8.815303802490234375e+00
-6.336629867553710938e+00
-8.730856895446777344e+00
-6.324863910675048828e+00
-6.312197208404541016e+00
-7.123054504394531250e+00
-8.640048980712890625e+00
-6.287023067474365234e+00
-6.309856414794921875e+00
-7.067827224731445312e+00
-7.014841079711914062e+00
-6.299716949462890625e+00
-8.541890144348144531e+00
-6.266824722290039062e+00
-6.255590915679931641e+00
-6.322699069976806641e+00
-8.448096275329589844e+00
-6.956825256347656250e+00
-6.352757930755615234e+00
-6.909858703613281250e+00
-6.281360149383544922e+00
-8.357845306396484375e+00
-8.258087158203125000e+00
-6.413666248321533203e+00
-6.899161815643310547e+00
-6.309803485870361328e+00
-8.113553047180175781e+00
-6.343643665313720703e+00
-6.866183757781982422e+00
-6.515415668487548828e+00
-7.864531993865966797e+00
-6.378326892852783203e+00
-6.880172729492187500e+00
-6.734964370727539062e+00
-7.014332294464111328e+00
-6.411489963531494141e+00
-7.585552692413330078e+00
-6.905721664428710938e+00
-6.434832096099853516e+00
-7.351573467254638672e+00
-6.912744522094726562e+00
-7.784343719482421875e+00
-6.457118511199951172e+00
-7.121427536010742188e+00
-6.921495437622070312e+00
-8.150413513183593750e+00
-7.105053424835205078e+00
-6.931581974029541016e+00
-7.248352050781250000e+00
-6.741680622100830078e+00
