
-9.584730000000000416e+00
-5.880250000000000199e+00
-6.331819999999999560e+00
-5.029219999999999580e+00
-9.535450000000000870e+00
-5.048060000000000436e+00
-5.847680000000000433e+00
-6.483679999999999666e+00
-5.809720000000000439e+00
-9.422909999999999897e+00
-6.585420000000000051e+00
-5.017369999999999663e+00
-5.741839999999999833e+00
-6.801230000000000331e+00
-9.296319999999999695e+00
-5.030700000000000394e+00
-5.050500000000000433e+00
-9.199289999999999523e+00
-5.650500000000000078e+00
-7.329740000000000144e+00
-7.564809999999999590e+00
-9.020849999999999369e+00
-5.591029999999999944e+00
-5.129760000000000097e+00
-8.794629999999999725e+00
-5.175329999999999764e+00
-7.545939999999999870e+00
-5.499699999999999811e+00
-5.428840000000000110e+00
-8.535569999999999879e+00
-5.365249999999999631e+00
-7.396370000000000111e+00
-5.376400000000000290e+00
-7.230139999999999567e+00
-5.548099999999999810e+00
-8.320610000000000284e+00
-5.413359999999999950e+00
-6.981209999999999916e+00
-5.792519999999999669e+00
-7.991410000000000124e+00
-7.706330000000000346e+00
-6.633210000000000051e+00
-5.667019999999999946e+00
-6.302950000000000053e+00
-6.202779999999999738e+00
-6.180729999999999613e+00
-6.600299999999999834e+00
-7.301940000000000097e+00
-5.794080000000000119e+00
-6.736410000000000231e+00
-6.187610000000000277e+00
-6.681189999999999962e+00
-6.249909999999999854e+00
-5.460099999999999731e+00
-5.763110000000000177e+00
-4.925720000000000098e+00
-9.892789999999999750e+00
-6.179549999999999876e+00
-5.398200000000000109e+00
-5.151220000000000354e+00
-9.844789999999999708e+00
-5.149709999999999788e+00
-6.136070000000000135e+00
-5.499839999999999840e+00
-6.101079999999999615e+00
-9.719789999999999708e+00
-5.531209999999999738e+00
-5.120449999999999946e+00
-6.017719999999999736e+00
-5.667290000000000383e+00
-9.582090000000000884e+00
-5.107409999999999783e+00
-5.114589999999999748e+00
-9.429990000000000094e+00
-5.915029999999999788e+00
-5.937439999999999607e+00
-6.112040000000000362e+00
-9.200739999999999696e+00
-5.856600000000000250e+00
-5.143320000000000114e+00
-8.983530000000000015e+00
-5.161039999999999850e+00
-6.537160000000000082e+00
-5.737910000000000288e+00
-5.649429999999999730e+00
-8.683999999999999275e+00
-5.274790000000000312e+00
-6.977170000000000094e+00
-5.552059999999999995e+00
-7.187199999999999811e+00
-5.437000000000000277e+00
-8.433930000000000149e+00
-5.480279999999999596e+00
-7.078100000000000058e+00
-5.587320000000000064e+00
-8.102899999999999991e+00
-7.819549999999999557e+00
-6.791879999999999917e+00
-5.555889999999999773e+00
-5.974070000000000213e+00
-6.433290000000000397e+00
-5.840230000000000032e+00
-6.327020000000000088e+00
-7.388969999999999594e+00
-5.982719999999999594e+00
-6.656209999999999738e+00
-6.392050000000000232e+00
-6.770489999999999675e+00
-6.310060000000000002e+00
-5.684599999999999653e+00
-5.832130000000000258e+00
-5.020769999999999733e+00
-1.044438000000000066e+01
-6.614539999999999864e+00
-4.906100000000000350e+00
-5.438780000000000392e+00
-1.042693000000000048e+01
-5.438959999999999795e+00
-6.578260000000000218e+00
-4.914419999999999789e+00
-6.542069999999999830e+00
-1.025235999999999947e+01
-4.934260000000000090e+00
-5.367650000000000254e+00
-6.481709999999999638e+00
-5.017900000000000027e+00
-1.001801999999999992e+01
-5.364209999999999923e+00
-5.360459999999999781e+00
-9.730529999999999902e+00
-6.385690000000000310e+00
-5.089889999999999581e+00
-5.177270000000000039e+00
-9.462780000000000413e+00
-6.328769999999999563e+00
-5.372359999999999580e+00
-9.219760000000000844e+00
-5.375499999999999723e+00
-5.418129999999999669e+00
-6.227310000000000123e+00
-6.166640000000000121e+00
-8.910170000000000812e+00
-5.384360000000000035e+00
-5.690249999999999808e+00
-6.051000000000000156e+00
-6.059560000000000279e+00
-5.453739999999999810e+00
-8.655920000000000059e+00
-5.916269999999999918e+00
-6.426580000000000403e+00
-5.501990000000000158e+00
-8.338910000000000267e+00
-8.019809999999999661e+00
-6.741690000000000182e+00
-5.755139999999999922e+00
-5.673079999999999679e+00
-6.713250000000000384e+00
-5.719240000000000101e+00
-5.958969999999999878e+00
-7.592660000000000409e+00
-6.350900000000000212e+00
-6.130709999999999660e+00
-6.344509999999999650e+00
-7.063579999999999970e+00
-6.535669999999999646e+00
-6.296079999999999899e+00
-6.088339999999999641e+00
-5.336299999999999599e+00
-1.082490999999999914e+01
-7.071209999999999773e+00
-5.070599999999999774e+00
-5.826959999999999695e+00
-1.082876000000000083e+01
-5.796809999999999796e+00
-7.025570000000000093e+00
-5.054780000000000051e+00
-6.998459999999999681e+00
-1.041338000000000008e+01
-5.054640000000000022e+00
-5.696340000000000181e+00
-6.945899999999999963e+00
-5.070780000000000065e+00
-1.017800000000000082e+01
-5.691399999999999793e+00
-5.676140000000000185e+00
-9.929130000000000678e+00
-6.875930000000000319e+00
-5.094529999999999781e+00
-5.135259999999999714e+00
-9.648189999999999600e+00
-6.830989999999999895e+00
-5.643200000000000216e+00
-9.394940000000000069e+00
-5.633799999999999919e+00
-5.173219999999999708e+00
-6.740759999999999863e+00
-6.652389999999999581e+00
-9.057339999999999947e+00
-5.632450000000000401e+00
-5.290160000000000196e+00
-6.514750000000000263e+00
-5.424800000000000288e+00
-5.638399999999999856e+00
-8.783379999999999299e+00
-6.341549999999999798e+00
-5.682830000000000048e+00
-5.668520000000000003e+00
-8.466450000000000031e+00
-8.186210000000000875e+00
-6.176120000000000054e+00
-6.167159999999999975e+00
-5.741030000000000300e+00
-6.689949999999999619e+00
-6.066169999999999618e+00
-5.839089999999999669e+00
-7.764660000000000117e+00
-6.633849999999999802e+00
-6.001839999999999620e+00
-6.039570000000000327e+00
-7.225170000000000314e+00
-6.463530000000000442e+00
-6.617060000000000386e+00
-6.248000000000000220e+00
-5.643309999999999604e+00
-8.136340000000000572e+00
-7.296160000000000423e+00
-5.222830000000000084e+00
-6.013840000000000074e+00
-8.136329999999999174e+00
-5.974109999999999587e+00
-7.265469999999999651e+00
-5.229370000000000296e+00
-7.225279999999999703e+00
-8.409390000000000143e+00
-5.232929999999999637e+00
-5.889400000000000190e+00
-7.177380000000000315e+00
-5.243870000000000253e+00
-9.826389999999999958e+00
-5.865029999999999966e+00
-5.839220000000000077e+00
-9.902889999999999304e+00
-7.114139999999999908e+00
-5.259839999999999627e+00
-5.284320000000000128e+00
-9.713250000000000384e+00
-7.060609999999999609e+00
-5.800869999999999749e+00
-9.487190000000000012e+00
-5.789850000000000385e+00
-5.277420000000000222e+00
-6.956279999999999575e+00
-6.854140000000000121e+00
-9.143789999999999196e+00
-5.778290000000000148e+00
-5.318880000000000052e+00
-6.713739999999999597e+00
-5.365490000000000315e+00
-5.758339999999999570e+00
-8.865550000000000708e+00
-6.538240000000000052e+00
-5.484140000000000015e+00
-5.796120000000000161e+00
-8.561170000000000613e+00
-8.254659999999999442e+00
-5.866089999999999804e+00
-6.331839999999999691e+00
-5.833739999999999704e+00
-6.461820000000000341e+00
-6.208759999999999835e+00
-5.862409999999999677e+00
-7.822600000000000442e+00
-6.727109999999999701e+00
-6.147249999999999659e+00
-6.031670000000000087e+00
-7.295230000000000103e+00
-6.348950000000000315e+00
-6.684479999999999755e+00
-6.304140000000000299e+00
-5.751839999999999620e+00
-7.378230000000000288e+00
-7.398039999999999949e+00
-5.295239999999999725e+00
-6.101890000000000036e+00
-7.392220000000000013e+00
-6.049120000000000275e+00
-7.348840000000000039e+00
-5.299439999999999706e+00
-7.314989999999999881e+00
-7.553650000000000198e+00
-5.305920000000000414e+00
-5.965749999999999886e+00
-7.267070000000000363e+00
-5.315999999999999837e+00
-8.140200000000000102e+00
-5.925500000000000433e+00
-5.898399999999999643e+00
-8.685079999999999245e+00
-7.206649999999999778e+00
-5.332239999999999647e+00
-5.364919999999999689e+00
-9.525479999999999947e+00
-7.144619999999999749e+00
-5.870700000000000252e+00
-9.512269999999999115e+00
-5.863959999999999617e+00
-5.357090000000000352e+00
-7.061679999999999957e+00
-6.961310000000000109e+00
-9.198019999999999641e+00
-5.851169999999999760e+00
-5.374410000000000132e+00
-6.801239999999999952e+00
-5.406179999999999986e+00
-5.820120000000000182e+00
-8.894500000000000739e+00
-6.614040000000000141e+00
-5.494780000000000442e+00
-5.842559999999999754e+00
-8.598610000000000753e+00
-8.284929999999999239e+00
-5.779359999999999609e+00
-6.401640000000000441e+00
-5.878110000000000390e+00
-6.338020000000000209e+00
-6.275800000000000267e+00
-5.897450000000000081e+00
-7.858200000000000074e+00
-6.753250000000000419e+00
-6.212720000000000020e+00
-6.041579999999999728e+00
-7.319560000000000066e+00
-6.298829999999999707e+00
-6.679759999999999920e+00
-6.329310000000000436e+00
-5.792489999999999917e+00
-6.738439999999999763e+00
-7.570400000000000240e+00
-5.415280000000000094e+00
-6.232289999999999885e+00
-6.790440000000000254e+00
-6.181370000000000253e+00
-7.528150000000000119e+00
-5.419450000000000323e+00
-7.490120000000000111e+00
-6.888989999999999725e+00
-5.425270000000000259e+00
-6.094630000000000436e+00
-7.445389999999999731e+00
-5.434020000000000294e+00
-7.139029999999999987e+00
-6.059350000000000236e+00
-6.032219999999999693e+00
-7.414329999999999643e+00
-7.364010000000000389e+00
-5.454139999999999766e+00
-5.479580000000000339e+00
-8.229480000000000572e+00
-7.308779999999999610e+00
-5.996229999999999727e+00
-9.050050000000000594e+00
-5.983869999999999578e+00
-5.497410000000000352e+00
-7.205589999999999939e+00
-7.111939999999999706e+00
-9.155279999999999418e+00
-5.972100000000000186e+00
-5.507929999999999993e+00
-6.946030000000000371e+00
-5.521530000000000271e+00
-5.961700000000000443e+00
-8.936650000000000205e+00
-6.766490000000000116e+00
-5.559829999999999828e+00
-5.969949999999999868e+00
-8.661659999999999471e+00
-8.342890000000000583e+00
-5.719289999999999985e+00
-6.550139999999999851e+00
-5.966339999999999755e+00
-6.132130000000000081e+00
-6.422450000000000436e+00
-6.011540000000000106e+00
-7.911660000000000359e+00
-6.742659999999999876e+00
-6.331199999999999939e+00
-6.086820000000000341e+00
-7.388150000000000439e+00
-6.283529999999999838e+00
-6.657619999999999649e+00
-6.442210000000000214e+00
-5.866279999999999717e+00
-6.269949999999999690e+00
-7.931379999999999875e+00
-5.638270000000000337e+00
-6.535569999999999879e+00
-6.279099999999999682e+00
-6.481919999999999682e+00
-7.886420000000000208e+00
-5.635329999999999728e+00
-7.853100000000000414e+00
-6.325990000000000002e+00
-5.635769999999999946e+00
-6.389689999999999870e+00
-7.811749999999999972e+00
-5.644680000000000142e+00
-6.421610000000000262e+00
-6.329989999999999561e+00
-6.298530000000000406e+00
-6.483850000000000335e+00
-7.703710000000000058e+00
-5.660919999999999952e+00
-5.680430000000000312e+00
-6.673370000000000246e+00
-7.649009999999999643e+00
-6.255880000000000329e+00
-6.945649999999999658e+00
-6.240870000000000140e+00
-5.710630000000000095e+00
-7.544550000000000090e+00
-7.464249999999999829e+00
-7.322930000000000383e+00
-6.226600000000000357e+00
-5.738870000000000360e+00
-7.294940000000000424e+00
-5.756940000000000168e+00
-6.216789999999999594e+00
-8.021599999999999397e+00
-7.108189999999999564e+00
-5.759610000000000340e+00
-6.208870000000000111e+00
-8.568640000000000256e+00
-8.489459999999999340e+00
-5.777739999999999654e+00
-6.856250000000000178e+00
-6.210569999999999702e+00
-5.909239999999999604e+00
-6.681700000000000195e+00
-6.214010000000000034e+00
-8.047269999999999257e+00
-6.454399999999999693e+00
-6.538429999999999964e+00
-6.289780000000000371e+00
-7.591580000000000439e+00
-6.452160000000000117e+00
-6.579419999999999824e+00
-6.687059999999999782e+00
-6.083380000000000010e+00
-6.146679999999999922e+00
-8.207290000000000418e+00
-5.827149999999999608e+00
-6.754380000000000273e+00
-6.149639999999999773e+00
-6.685529999999999973e+00
-8.150969999999999160e+00
-5.817070000000000185e+00
-8.120020000000000238e+00
-6.171100000000000030e+00
-5.813410000000000188e+00
-6.602009999999999934e+00
-8.042099999999999582e+00
-5.813069999999999737e+00
-6.210309999999999775e+00
-6.528679999999999595e+00
-6.506840000000000401e+00
-6.260069999999999801e+00
-7.951120000000000410e+00
-5.825919999999999987e+00
-5.832740000000000258e+00
-6.363649999999999807e+00
-7.890460000000000029e+00
-6.452130000000000365e+00
-6.531550000000000189e+00
-6.436280000000000001e+00
-5.873400000000000176e+00
-7.782799999999999940e+00
-7.690699999999999648e+00
-6.777180000000000426e+00
-6.420270000000000366e+00
-5.908330000000000304e+00
-7.578490000000000393e+00
-5.934350000000000236e+00
-6.416760000000000019e+00
-7.184720000000000439e+00
-7.368400000000000283e+00
-5.958529999999999660e+00
-6.415849999999999831e+00
-7.857630000000000337e+00
-8.335660000000000736e+00
-5.987960000000000171e+00
-7.079740000000000144e+00
-6.428090000000000082e+00
-5.987149999999999750e+00
-6.847209999999999575e+00
-6.440109999999999779e+00
-8.214349999999999596e+00
-6.159769999999999968e+00
-6.723359999999999559e+00
-6.475699999999999790e+00
-7.742820000000000036e+00
-6.676129999999999676e+00
-6.537099999999999689e+00
-6.779919999999999725e+00
-6.409620000000000317e+00
-6.156830000000000247e+00
-8.409369999999999123e+00
-5.998090000000000366e+00
-6.928029999999999688e+00
-6.155059999999999754e+00
-6.844730000000000203e+00
-8.348319999999999297e+00
-5.984729999999999883e+00
-8.320489999999999498e+00
-6.163420000000000343e+00
-5.980680000000000440e+00
-6.756450000000000067e+00
-8.245029999999999859e+00
-5.974149999999999849e+00
-6.190520000000000245e+00
-6.697009999999999685e+00
-6.666839999999999655e+00
-6.222229999999999706e+00
-8.156459999999999155e+00
-5.976239999999999775e+00
-5.980660000000000309e+00
-6.281589999999999563e+00
-8.082399999999999807e+00
-6.619379999999999598e+00
-6.382209999999999717e+00
-6.597830000000000084e+00
-6.005429999999999602e+00
-7.986139999999999795e+00
-7.881190000000000140e+00
-6.550130000000000230e+00
-6.581279999999999575e+00
-6.034860000000000113e+00
-7.727680000000000327e+00
-6.060579999999999856e+00
-6.580049999999999955e+00
-6.861460000000000115e+00
-7.525559999999999583e+00
-6.100430000000000241e+00
-6.585280000000000022e+00
-7.335219999999999629e+00
-7.828940000000000232e+00
-6.146270000000000344e+00
-7.238349999999999618e+00
-6.605139999999999567e+00
-6.153979999999999784e+00
-6.990990000000000038e+00
-6.618070000000000341e+00
-8.225860000000000838e+00
-6.178079999999999572e+00
-6.880349999999999966e+00
-6.629069999999999574e+00
-7.815210000000000434e+00
-6.842649999999999899e+00
-6.645880000000000010e+00
-6.864659999999999762e+00
-6.579939999999999678e+00
-6.251990000000000158e+00
-8.621650000000000702e+00
-6.142719999999999736e+00
-7.091630000000000322e+00
-6.246380000000000265e+00
-6.989860000000000184e+00
-8.562879999999999825e+00
-6.131099999999999994e+00
-8.506740000000000634e+00
-6.231720000000000148e+00
-6.122539999999999871e+00
-6.914939999999999642e+00
-8.422689999999999344e+00
-6.112199999999999633e+00
-6.221650000000000347e+00
-6.843009999999999593e+00
-6.799430000000000085e+00
-6.230489999999999640e+00
-8.311769999999999214e+00
-6.110780000000000101e+00
-6.115929999999999644e+00
-6.271849999999999703e+00
-8.239259999999999806e+00
-6.754310000000000258e+00
-6.336800000000000210e+00
-6.733679999999999666e+00
-6.130359999999999587e+00
-8.126939999999999387e+00
-8.024860000000000326e+00
-6.458450000000000024e+00
-6.717489999999999739e+00
-6.159320000000000128e+00
-7.881409999999999805e+00
-6.176300000000000345e+00
-6.716450000000000031e+00
-6.695999999999999730e+00
-7.680729999999999613e+00
-6.208669999999999689e+00
-6.723760000000000403e+00
-7.041640000000000121e+00
-7.527359999999999829e+00
-6.274259999999999948e+00
-7.379489999999999661e+00
-6.741369999999999862e+00
-6.296400000000000219e+00
-7.127720000000000056e+00
-6.753820000000000157e+00
-8.285379999999999967e+00
-6.287149999999999572e+00
-7.016370000000000218e+00
-6.769350000000000200e+00
-7.944609999999999950e+00
-6.970659999999999634e+00
-6.780549999999999855e+00
-6.998509999999999565e+00
-6.766549999999999621e+00
-6.411760000000000126e+00
-8.772289999999999921e+00
-6.269099999999999895e+00
-7.226630000000000109e+00
-6.395249999999999879e+00
-7.116649999999999920e+00
-8.699460000000000193e+00
-6.251619999999999955e+00
-8.649029999999999774e+00
-6.363590000000000302e+00
-6.242379999999999818e+00
-7.025529999999999831e+00
-8.556250000000000355e+00
-6.235299999999999621e+00
-6.328000000000000291e+00
-6.957010000000000360e+00
-6.917830000000000368e+00
-6.314829999999999721e+00
-8.438719999999999999e+00
-6.232429999999999914e+00
-6.235970000000000013e+00
-6.311849999999999739e+00
-8.338089999999999336e+00
-6.872049999999999770e+00
-6.341359999999999886e+00
-6.852170000000000094e+00
-6.249660000000000437e+00
-8.233650000000000801e+00
-8.135410000000000252e+00
-6.431189999999999962e+00
-6.835230000000000139e+00
-6.269330000000000069e+00
-7.983900000000000219e+00
-6.288009999999999877e+00
-6.833840000000000359e+00
-6.582889999999999908e+00
-7.790919999999999845e+00
-6.317389999999999617e+00
-6.840019999999999989e+00
-6.817899999999999849e+00
-7.241939999999999600e+00
-6.375189999999999912e+00
-7.504550000000000054e+00
-6.857179999999999609e+00
-6.410459999999999603e+00
-7.249299999999999855e+00
-6.869710000000000427e+00
-8.016799999999999926e+00
-6.417290000000000383e+00
-7.129629999999999690e+00
-6.894999999999999574e+00
-7.985490000000000421e+00
-7.101079999999999615e+00
-6.906340000000000146e+00
-7.123079999999999856e+00
-6.784830000000000361e+00
-6.520979999999999777e+00
-8.870459999999999567e+00
-6.352470000000000283e+00
-7.284440000000000026e+00
-6.501730000000000231e+00
-7.184029999999999916e+00
-8.792839999999999989e+00
-6.334069999999999645e+00
-8.730710000000000193e+00
-6.457320000000000171e+00
-6.325199999999999712e+00
-7.093119999999999870e+00
-8.635389999999999233e+00
-6.316119999999999735e+00
-6.419579999999999842e+00
-7.026849999999999596e+00
-6.989910000000000068e+00
-6.401270000000000238e+00
-8.509209999999999496e+00
-6.313139999999999752e+00
-6.317090000000000316e+00
-6.380840000000000067e+00
-8.407679999999999154e+00
-6.949539999999999829e+00
-6.376210000000000377e+00
-6.934720000000000439e+00
-6.329489999999999839e+00
-8.290219999999999700e+00
-8.193070000000000519e+00
-6.434339999999999726e+00
-6.920390000000000263e+00
-6.351799999999999891e+00
-8.039289999999999381e+00
-6.362320000000000420e+00
-6.918829999999999814e+00
-6.565610000000000390e+00
-7.844780000000000086e+00
-6.378339999999999677e+00
-6.923980000000000246e+00
-6.762279999999999625e+00
-7.143810000000000215e+00
-6.435120000000000395e+00
-7.553410000000000402e+00
-6.941080000000000361e+00
-6.479230000000000267e+00
-7.299030000000000129e+00
-6.955659999999999954e+00
-7.872779999999999667e+00
-6.501269999999999882e+00
-7.181820000000000093e+00
-6.978760000000000296e+00
-7.998969999999999914e+00
-7.147870000000000168e+00
-6.985219999999999985e+00
-7.170869999999999855e+00
-6.773390000000000022e+00