 
 -6.82926485355615
 -5.42223873868619
 -5.87503269584603
 -6.44414262255388
 -5.92708222080439
 -6.40599803458645
 -7.3793991136334
 -5.85622171018183
 -6.5291372755601
 -6.51381823800664
 -6.75940551040735
 -6.37927727765796
 -5.72076948418553
 -5.83756224513347
 -4.93995726928974
 -10.5428043996031
 -6.65108746049464
 -4.87019822149483
 -5.47627142476993
 -10.4413443715187
 -5.43178947270684
 -6.59277650995035
 -4.89129341564419
 -6.53741967901179
 -10.2683396966839
 -4.92291575748249
 -5.39311409993075
 -6.47807718495029
 -4.97342145067289
 -10.0135000018986
 -5.36900195450555
 -5.35723068599922
 -9.72844953218466
 -6.41195164591645
 -5.05466217589011
 -5.17639104459789
 -9.44521138989787
 -6.33786736275564
 -5.35594669079634
 -9.18911497376128
 -5.36304973453615
 -5.36947368354917
 -6.24592310688704
 -6.1434498982142
 -8.92019254294853
 -5.37443956338826
 -5.6611888924545
 -6.01857659204807
 -6.14340703145358
 -5.38860180721817
 -8.64296861334829
 -5.87605340445784
 -6.75863650072725
 -5.42094588657435
 -8.34422490685291
 -8.01511484764822
 -7.0733570405538
 -5.70336956572431
 -5.52095823974541
 -6.8582615705056
 -5.64597432599612
 -5.91583689691763
 -7.59578579654486
 -6.22321912301382
 -5.93975979165302
 -6.32000952604762
 -6.9764110842579
 -6.66319839207032
 -6.26328219309156
 -6.04377980563077
 -5.25414528305682
 -11.0730850871821
 -7.09597683868707
 -5.04495138676065
 -5.85700623858791
 -10.876958072681
 -5.78716407586703
 -7.0367958920348
 -5.05199124587898
 -6.98590632846889
 -10.4390044372839
 -5.059
 -5.72794397920208
 -6.93528732022897
 -5.06907592898032
 -10.4653207573385
 -5.68880922102745
 -5.6610476075925
 -9.98205864026584
 -6.87910582243415
 -5.08249279066893
 -5.10375068358415
 -9.68245763983916
 -6.81379859676699
 -5.63992262726311
 -9.38003705668248
 -5.62850099548459
 -5.14237570749433
 -6.72789790284637
 -6.62259220998732
 -9.08797106934396
 -5.62878066140904
 -5.21801496567564
 -6.47896147196996
 -5.37071432654546
 -5.64358192087466
 -8.80133689297652
 -6.30840812762896
 -5.67075541626873
 -5.66806559439301
 -8.50466999267254
 -8.17821479909579
 -6.21699364653948
 -6.14082308189752
 -5.68729357167485
 -6.90532997707542
 -6.02085943528366
 -5.73329426330104
 -7.75290586717998
 -6.66536439429544
 -5.95553629355419
 -6.0151705901674
 -7.18460605398827
 -6.61820053576761
 -6.75542725001668
 -6.21694904927078
 -5.57470025666284
 -7.69207751338583
 -7.32325274440985
 -5.22018589949579
 -6.05098082971839
 -7.83002956387574
 -5.96991760223692
 -7.26385956022717
 -5.22637031952014
 -7.21499593428565
 -8.266398801296
 -5.23354158594843
 -5.90382824674071
 -7.16715912656262
 -5.24344331445505
 -9.72683461599127
 -5.859920156795
 -5.82883418627592
 -9.96532131032051
 -7.11109131076986
 -5.25581536491145
 -5.27052967629063
 -9.93916874323939
 -7.04509433224053
 -5.80400880084204
 -9.46318466060727
 -5.7892331959707
 -5.28459008339689
 -6.9602314047861
 -6.85606988499042
 -9.16171164191914
 -5.78156017006966
 -5.30215190724767
 -6.70850087162483
 -5.34757589995936
 -5.78178506919652
 -8.87091026157404
 -6.52317755084742
 -5.47951178204922
 -5.7960727240869
 -8.57590269898346
 -8.25389054418351
 -5.82329401220442
 -6.33024567818347
 -5.82647603698746
 -6.52186610509704
 -6.19547223402959
 -5.83808076497059
 -7.83202430628189
 -6.785014401162
 -6.1014082331445
 -5.97694612044764
 -7.26770181099313
 -6.36710950282599
 -6.78075904405581
 -6.30740263034149
 -5.74080955456951
 -6.98860923017404
 -7.42274043266019
 -5.29316604891443
 -6.13507817513106
 -7.24251997356745
 -6.04902775040852
 -7.36311314138808
 -5.29910867242885
 -7.31502189745276
 -7.38577567043291
 -5.30589767679133
 -5.9800617402045
 -7.26792506387215
 -5.31611868405731
 -8.13076568862765
 -5.93400218920263
 -5.9010332181548
 -8.9581040551376
 -7.21100741451069
 -5.33002885320866
 -5.3468004897519
 -9.64258840404861
 -7.14403560798127
 -5.87503740651159
 -9.55157104366102
 -5.85994144594357
 -5.36134418913028
 -7.05892000729062
 -6.95506086426648
 -9.19340797080248
 -5.85182396540527
 -5.37100754619406
 -6.80672144536486
 -5.38923132798261
 -5.84967469414275
 -8.9010460134709
 -6.61594668417013
 -5.46354236066361
 -5.85793245851978
 -8.6070155319362
 -8.28702536396004
 -5.71537541336078
 -6.41289896753684
 -5.8867982093949
 -6.34532319766523
 -6.26827464532643
 -5.89993207749294
 -7.86692806696192
 -6.8161153497706
 -6.17023312155389
 -5.98803916728452
 -7.30415832910903
 -6.29425071408079
 -6.76719674325718
 -6.34796505334511
 -5.80555578120597
 -6.65414216540985
 -7.60023156095186
 -5.41812820720802
 -6.28372565308375
 -6.74457797271667
 -6.18933249987335
 -7.54001702682068
 -5.41916614798971
 -7.49291794005781
 -6.84762007590073
 -5.42427647043445
 -6.11596776978802
 -7.44582228828571
 -5.43510341881368
 -6.92046381620074
 -6.06601063838939
 -6.02912986550861
 -7.35678257060037
 -7.38595229366889
 -5.45118050784878
 -5.47230122744467
 -7.99942463500746
 -7.31601141306282
 -6.00019146142513
 -9.37298624274066
 -5.98419235354861
 -5.49573759734296
 -7.22917400939748
 -7.12587389733206
 -9.22394427827328
 -5.97705706385689
 -5.51211570841262
 -6.97676643125248
 -5.51398088089661
 -5.97648374140948
 -8.9474693900956
 -6.77856400043858
 -5.51797230658396
 -5.97813587591363
 -8.66315671067111
 -8.34699240251889
 -5.61970285798969
 -6.55967619303836
 -5.99504697912569
 -6.06340168026937
 -6.39427009851403
 -6.02190456120325
 -7.9300964296163
 -6.82993032824685
 -6.29880820961955
 -6.04113212173378
 -7.37030531689492
 -6.25455464809158
 -6.67626548140213
 -6.4219878480982
 -5.95693911721133
 -6.24443181720327
 -7.95545211863434
 -5.63984073882849
 -6.57582396919573
 -6.27648871435639
 -6.46665479766468
 -7.8919151709078
 -5.63406451163508
 -7.84530828328027
 -6.32858996876208
 -5.63490022499516
 -6.38807729893793
 -7.79216404389835
 -5.64304881362885
 -6.40959076194753
 -6.33293423920437
 -6.28992761174488
 -6.52201814426182
 -7.72069892947875
 -5.65996663900673
 -5.68258160655485
 -6.6880247152198
 -7.6407358618432
 -6.25500452177567
 -6.93927442841252
 -6.23393388719734
 -5.71175623825511
 -7.54988898557131
 -7.44772979846413
 -7.35517786187365
 -6.22307359034807
 -5.74468716189351
 -7.30231075377939
 -5.77515920450135
 -6.22414464770009
 -8.17820186390363
 -7.09607229843184
 -5.78830886563015
 -6.23413355937514
 -8.71249302678932
 -8.55282664351599
 -5.77530144833817
 -6.84596650806282
 -6.24539108143842
 -5.84069644161239
 -6.64956716875556
 -6.25328971826801
 -8.06804818629686
 -6.3754948029989
 -6.51976045180584
 -6.30033131269497
 -7.51414183352012
 -6.40816988440369
 -6.55889552325564
 -6.57795879284704
 -6.19504819837565
 -6.13405378415403
 -8.23005984352431
 -5.83207378348378
 -6.79485760508542
 -6.14705821340252
 -6.67793104824615
 -8.16104333362414
 -5.8169316228406
 -8.11004240675946
 -6.17107001696453
 -5.81008892885544
 -6.59602523763039
 -8.04799475063654
 -5.81104002375588
 -6.2140670282766
 -6.53694214058241
 -6.49102599605127
 -6.27819899396634
 -7.96492123793215
 -5.82000696282331
 -5.83605772386258
 -6.37935194028788
 -7.8779548423991
 -6.45395245679326
 -6.528497032615
 -6.43102468307518
 -5.86388229583681
 -7.78395737240585
 -7.68092397807908
 -6.76576313719623
 -6.41900015304358
 -5.89986492909726
 -7.53804156468495
 -5.9389060595571
 -6.41797824103199
 -7.13884781636001
 -7.32925702488049
 -5.97262248263705
 -6.42506131690639
 -7.80939101781281
 -8.57759624091751
 -5.99234972710493
 -7.06094093834291
 -6.44365507239425
 -5.96367132644787
 -6.84688136901047
 -6.4538404204335
 -8.20687500301063
 -6.16969176331305
 -6.70950595109242
 -6.47546401221088
 -7.64599694811214
 -6.64124838959611
 -6.56983114162446
 -6.71602493069574
 -6.44142758864848
 -6.16075864454075
 -8.45270147674214
 -6.00664612152274
 -6.97009897133173
 -6.15209778081046
 -6.84796586430551
 -8.37696740031831
 -5.98611439873827
 -8.31901524785304
 -6.15496825850119
 -5.9760239667536
 -6.76396993172601
 -8.24800986866277
 -5.97108890717829
 -6.1728273307623
 -6.70200346772653
 -6.65500920286439
 -6.20981753054894
 -8.15602941980505
 -5.97213693934829
 -5.98010136012178
 -6.27488859995698
 -8.06396934833481
 -6.61600662533001
 -6.37413523154508
 -6.592971551652
 -5.99712818642986
 -7.96699593760744
 -7.86297380124691
 -6.53639630726394
 -6.58000085277214
 -6.02797575920098
 -7.72199410688826
 -6.06789825342354
 -6.57801849984493
 -6.79346733199105
 -7.5130569036245
 -6.10687860793736
 -6.58501468606659
 -7.22378333879166
 -7.99119678032818
 -6.14879919869996
 -7.23197513658143
 -6.60100735432582
 -6.15972808362329
 -7.00798610097583
 -6.62191104215308
 -8.32603159575481
 -6.16404916164364
 -6.86603026631301
 -6.62121400738105
 -7.77400082189325
 -6.81473967377024
 -6.66793631675759
 -6.85077298456322
 -6.67168245422065
 -6.26916359339819
 -8.63981117162555
 -6.1545426542078
 -7.11570945731233
 -6.24741351045252
 -6.99023242752282
 -8.55505099580465
 -6.13197277522878
 -8.49117268139199
 -6.22811600143684
 -6.11918279750517
 -6.90403662150088
 -8.41194160558703
 -6.11226729083816
 -6.21877626410805
 -6.8410521376884
 -6.79297225771861
 -6.22606327874525
 -8.31277890957578
 -6.11122974563167
 -6.11545843346513
 -6.25927259892318
 -8.21608238473425
 -6.75313017974416
 -6.32614573658577
 -6.72917278223157
 -6.12733156515732
 -8.11701603469916
 -8.01216720831763
 -6.44499824877397
 -6.71604468540596
 -6.14939573030945
 -7.87201923715015
 -6.17985895181547
 -6.71381790139211
 -6.63297906006491
 -7.66400580030598
 -6.21671078747976
 -6.72104597928068
 -6.94687706826255
 -7.48841311897982
 -6.26998218624641
 -7.37416867499487
 -6.73609688622024
 -6.31464731886676
 -7.14391226776537
 -6.75659691526571
 -8.414794419703
 -6.27165871769862
 -7.0001170376701
 -6.76448805429779
 -7.90036675899246
 -6.94809844482708
 -6.79461975248135
 -6.98186201103646
 -6.78664305037569
 -6.41292464496113
 -8.80104920228392
 -6.27997864281239
 -7.24011119413213
 -6.38401631804855
 -7.11295545599769
 -8.70701821352987
 -6.25402091024758
 -8.63694742347232
 -6.35104543018048
 -6.23996790238689
 -7.0250078309468
 -8.55000402471944
 -6.23198522780477
 -6.32298865589697
 -6.96097458388255
 -6.9120174427729
 -6.30613866376851
 -8.4439988335921
 -6.22998626731629
 -6.2350005717467
 -6.30715285779182
 -8.34497091993294
 -6.87199448037635
 -6.33903973182091
 -6.84799925178141
 -6.2449962192087
 -8.24401380197169
 -8.13896033835002
 -6.41997799806257
 -6.83398537021094
 -6.26504415099037
 -7.99900120265264
 -6.28610078005431
 -6.83103181206481
 -6.56309405781224
 -7.79206763842318
 -6.31393771665174
 -6.83898457044696
 -6.80036173127171
 -7.21003593782914
 -6.36995260727603
 -7.49593970160062
 -6.85396953846111
 -6.42642776586683
 -7.26101315812504
 -6.87198588487731
 -8.09017331531862
 -6.41495621749966
 -7.1169586606768
 -6.89216750519097
 -8.02735970520379
 -7.06084038909339
 -6.91643969415845
 -7.10851052127725
 -6.80149499980061
 -6.53633964400204
 -8.91496212038045
 -6.36701231010168
 -7.32791442986152
 -6.49882530935944
 -7.19923172063354
 -8.81409821854441
 -6.33901967643319
 -8.73822506043463
 -6.46149593367954
 -6.32313050867742
 -7.11090120566293
 -8.64703352817023
 -6.31411724950145
 -6.42546908808566
 -7.04611913634565
 -6.99691078426016
 -6.39698179275549
 -8.53718236158539
 -6.312154420019
 -6.31794172348302
 -6.37883368546983
 -8.43523338077892
 -6.95610687137663
 -6.38343326086491
 -6.93198113955767
 -6.32900032690154
 -8.33302838698101
 -8.22723808873696
 -6.43106346965389
 -6.91811265050017
 -6.34939089434165
 -8.08801749032052
 -6.36732441040285
 -6.91580871320601
 -6.54027602738667
 -7.88121438734987
 -6.38779954192041
 -6.92309521013187
 -6.73169260928829
 -7.06290289856067
 -6.43988231525485
 -7.58146160713548
 -6.93805910403693
 -6.50247446260506
 -7.34509805936743
 -6.95764972938746
 -7.8649451406208
 -6.49782464490487
 -7.20015438309397
 -6.97927407682639
 -8.06406415373598
 -7.14360286821252
 -7.00090716167801
 -7.20684885460926
 -6.77557527446573
