
-9.663130000000000663e+00
-5.906690000000000218e+00
-6.371229999999999727e+00
-5.018150000000000333e+00
-9.541809999999999903e+00
-5.029930000000000234e+00
-5.840180000000000149e+00
-6.502049999999999663e+00
-5.804750000000000298e+00
-9.445660000000000167e+00
-6.615719999999999601e+00
-5.017859999999999765e+00
-5.743940000000000268e+00
-6.832440000000000069e+00
-9.332200000000000273e+00
-5.039600000000000080e+00
-5.058460000000000178e+00
-9.175689999999999458e+00
-5.650689999999999991e+00
-7.391840000000000188e+00
-7.603690000000000282e+00
-9.002670000000000172e+00
-5.594179999999999708e+00
-5.155160000000000409e+00
-8.825029999999999930e+00
-5.201819999999999666e+00
-7.542659999999999698e+00
-5.495330000000000048e+00
-5.438959999999999795e+00
-8.579660000000000508e+00
-5.392879999999999896e+00
-7.404189999999999827e+00
-5.392689999999999984e+00
-7.242259999999999920e+00
-5.601049999999999862e+00
-8.312799999999999301e+00
-5.415700000000000180e+00
-6.946519999999999584e+00
-5.767199999999999882e+00
-8.025539999999999452e+00
-7.673750000000000071e+00
-6.640299999999999869e+00
-5.647050000000000125e+00
-6.310030000000000250e+00
-6.268309999999999604e+00
-6.079489999999999839e+00
-6.623639999999999972e+00
-7.280170000000000030e+00
-5.773200000000000109e+00
-6.751750000000000362e+00
-6.248289999999999900e+00
-6.697059999999999569e+00
-6.308500000000000441e+00
-5.587559999999999860e+00
-5.749609999999999665e+00
-4.862650000000000361e+00
-9.917550000000000310e+00
-6.189869999999999983e+00
-5.386820000000000164e+00
-5.159589999999999677e+00
-9.844889999999999475e+00
-5.141759999999999664e+00
-6.139219999999999899e+00
-5.468919999999999781e+00
-6.097830000000000084e+00
-9.728719999999999146e+00
-5.546879999999999811e+00
-5.116929999999999978e+00
-6.029429999999999623e+00
-5.685599999999999987e+00
-9.571939999999999671e+00
-5.107120000000000104e+00
-5.108460000000000001e+00
-9.387729999999999464e+00
-5.922789999999999999e+00
-5.948970000000000091e+00
-6.082550000000000345e+00
-9.165290000000000603e+00
-5.866240000000000343e+00
-5.128490000000000215e+00
-8.966559999999999420e+00
-5.181490000000000151e+00
-6.574320000000000164e+00
-5.740689999999999849e+00
-5.656100000000000350e+00
-8.696730000000000516e+00
-5.282700000000000173e+00
-7.035099999999999909e+00
-5.564309999999999867e+00
-7.254979999999999762e+00
-5.453030000000000044e+00
-8.426959999999999340e+00
-5.490050000000000097e+00
-7.078960000000000363e+00
-5.563600000000000101e+00
-8.139179999999999637e+00
-7.798099999999999810e+00
-6.803530000000000300e+00
-5.527779999999999916e+00
-5.980540000000000411e+00
-6.419190000000000396e+00
-5.846029999999999838e+00
-6.397610000000000241e+00
-7.380580000000000140e+00
-5.947630000000000194e+00
-6.652910000000000323e+00
-6.458070000000000199e+00
-6.765909999999999869e+00
-6.365630000000000344e+00
-5.746299999999999741e+00
-5.828409999999999869e+00
-4.916960000000000441e+00
-1.051587999999999923e+01
-6.620770000000000266e+00
-4.892190000000000261e+00
-5.468709999999999738e+00
-1.045687000000000033e+01
-5.435190000000000410e+00
-6.577499999999999680e+00
-4.906780000000000364e+00
-6.545340000000000380e+00
-1.029837000000000025e+01
-4.927669999999999995e+00
-5.393250000000000099e+00
-6.485249999999999737e+00
-4.992609999999999992e+00
-9.996999999999999886e+00
-5.369349999999999845e+00
-5.360050000000000203e+00
-9.743999999999999773e+00
-6.405409999999999826e+00
-5.082379999999999676e+00
-5.182949999999999946e+00
-9.456039999999999779e+00
-6.333389999999999631e+00
-5.362870000000000026e+00
-9.215310000000000556e+00
-5.368920000000000137e+00
-5.402720000000000411e+00
-6.224910000000000387e+00
-6.159650000000000070e+00
-8.914949999999999264e+00
-5.375160000000000160e+00
-5.677570000000000228e+00
-6.062249999999999694e+00
-6.080790000000000362e+00
-5.438719999999999999e+00
-8.664859999999999118e+00
-5.927920000000000300e+00
-6.533400000000000318e+00
-5.513959999999999972e+00
-8.360039999999999694e+00
-7.998339999999999783e+00
-6.837500000000000355e+00
-5.757649999999999935e+00
-5.658640000000000114e+00
-6.714389999999999858e+00
-5.689980000000000260e+00
-5.951660000000000394e+00
-7.601589999999999847e+00
-6.334290000000000198e+00
-6.106390000000000207e+00
-6.296619999999999884e+00
-7.062269999999999825e+00
-6.487610000000000099e+00
-6.258600000000000385e+00
-6.100360000000000227e+00
-5.323059999999999903e+00
-1.083168000000000042e+01
-7.068209999999999660e+00
-5.051789999999999559e+00
-5.826190000000000424e+00
-1.073273999999999972e+01
-5.781799999999999606e+00
-7.022719999999999629e+00
-5.052389999999999937e+00
-7.002390000000000114e+00
-1.049018000000000050e+01
-5.060080000000000133e+00
-5.721899999999999764e+00
-6.949200000000000266e+00
-5.078990000000000116e+00
-1.023049999999999926e+01
-5.680060000000000109e+00
-5.651119999999999699e+00
-9.928179999999999339e+00
-6.881090000000000373e+00
-5.104680000000000106e+00
-5.131499999999999950e+00
-9.602779999999999205e+00
-6.833859999999999602e+00
-5.631240000000000023e+00
-9.355460000000000775e+00
-5.618529999999999802e+00
-5.229919999999999902e+00
-6.731530000000000236e+00
-6.644890000000000185e+00
-9.057689999999999131e+00
-5.625230000000000175e+00
-5.283009999999999984e+00
-6.522319999999999673e+00
-5.459579999999999878e+00
-5.658710000000000129e+00
-8.789519999999999555e+00
-6.373619999999999841e+00
-5.706999999999999851e+00
-5.691959999999999908e+00
-8.498110000000000497e+00
-8.180170000000000385e+00
-6.175229999999999997e+00
-6.165359999999999729e+00
-5.717629999999999768e+00
-6.751140000000000363e+00
-6.052979999999999805e+00
-5.826480000000000103e+00
-7.751019999999999577e+00
-6.645249999999999879e+00
-5.991979999999999862e+00
-6.058139999999999858e+00
-7.213440000000000296e+00
-6.392940000000000289e+00
-6.637800000000000367e+00
-6.269790000000000418e+00
-5.672390000000000043e+00
-7.935399999999999565e+00
-7.299109999999999765e+00
-5.223709999999999631e+00
-6.025479999999999947e+00
-7.909049999999999692e+00
-5.970950000000000202e+00
-7.257209999999999717e+00
-5.228819999999999801e+00
-7.224510000000000431e+00
-8.362899999999999778e+00
-5.231969999999999565e+00
-5.902999999999999581e+00
-7.177229999999999777e+00
-5.234779999999999767e+00
-9.906100000000000350e+00
-5.861349999999999838e+00
-5.839010000000000034e+00
-9.947680000000000078e+00
-7.098799999999999777e+00
-5.252539999999999765e+00
-5.266309999999999825e+00
-9.703139999999999432e+00
-7.051549999999999763e+00
-5.801689999999999792e+00
-9.468090000000000117e+00
-5.785300000000000331e+00
-5.320380000000000109e+00
-6.957329999999999792e+00
-6.838330000000000020e+00
-9.142899999999999139e+00
-5.761309999999999931e+00
-5.311370000000000147e+00
-6.710980000000000167e+00
-5.373260000000000147e+00
-5.763589999999999769e+00
-8.850979999999999848e+00
-6.542749999999999844e+00
-5.517059999999999853e+00
-5.801849999999999952e+00
-8.570470000000000255e+00
-8.236750000000000682e+00
-5.868369999999999642e+00
-6.324810000000000265e+00
-5.839819999999999567e+00
-6.476770000000000138e+00
-6.205619999999999692e+00
-5.887240000000000251e+00
-7.820020000000000415e+00
-6.699629999999999974e+00
-6.136350000000000193e+00
-6.049520000000000231e+00
-7.270679999999999588e+00
-6.345900000000000318e+00
-6.706500000000000128e+00
-6.320000000000000284e+00
-5.765679999999999694e+00
-7.250189999999999912e+00
-7.399280000000000079e+00
-5.296369999999999578e+00
-6.104980000000000295e+00
-7.260270000000000223e+00
-6.051400000000000112e+00
-7.348609999999999864e+00
-5.301479999999999748e+00
-7.320059999999999789e+00
-7.524729999999999919e+00
-5.305220000000000269e+00
-5.981069999999999887e+00
-7.268320000000000114e+00
-5.313559999999999839e+00
-8.168519999999999115e+00
-5.928989999999999760e+00
-5.907269999999999577e+00
-8.676819999999999311e+00
-7.188290000000000290e+00
-5.327820000000000000e+00
-5.343340000000000423e+00
-9.352550000000000807e+00
-7.143889999999999851e+00
-5.871909999999999741e+00
-9.474199999999999733e+00
-5.864060000000000272e+00
-5.396620000000000417e+00
-7.042069999999999830e+00
-6.945109999999999673e+00
-9.199590000000000600e+00
-5.848629999999999995e+00
-5.372609999999999886e+00
-6.795659999999999812e+00
-5.401889999999999858e+00
-5.825190000000000090e+00
-8.922459999999999170e+00
-6.625700000000000145e+00
-5.497530000000000250e+00
-5.844500000000000028e+00
-8.635419999999999874e+00
-8.276799999999999713e+00
-5.782079999999999664e+00
-6.395270000000000010e+00
-5.877060000000000173e+00
-6.330330000000000013e+00
-6.280669999999999753e+00
-5.911019999999999719e+00
-7.833450000000000024e+00
-6.766239999999999810e+00
-6.196329999999999671e+00
-6.049360000000000070e+00
-7.291949999999999932e+00
-6.300089999999999968e+00
-6.719020000000000437e+00
-6.350039999999999907e+00
-5.805089999999999861e+00
-6.733050000000000423e+00
-7.557210000000000427e+00
-5.419310000000000294e+00
-6.248179999999999623e+00
-6.770719999999999850e+00
-6.182280000000000442e+00
-7.518099999999999561e+00
-5.420480000000000409e+00
-7.489209999999999923e+00
-6.920259999999999856e+00
-5.423230000000000217e+00
-6.105369999999999742e+00
-7.440870000000000317e+00
-5.433530000000000193e+00
-7.198190000000000310e+00
-6.054640000000000022e+00
-6.036900000000000155e+00
-7.479169999999999874e+00
-7.363590000000000302e+00
-5.453960000000000363e+00
-5.470810000000000173e+00
-8.190490000000000492e+00
-7.308860000000000134e+00
-5.996229999999999727e+00
-9.042669999999999320e+00
-5.988710000000000200e+00
-5.520100000000000229e+00
-7.207189999999999763e+00
-7.113629999999999676e+00
-9.184400000000000119e+00
-5.972380000000000244e+00
-5.501000000000000334e+00
-6.963460000000000427e+00
-5.500969999999999693e+00
-5.950260000000000105e+00
-8.941430000000000433e+00
-6.790549999999999642e+00
-5.525629999999999598e+00
-5.958050000000000068e+00
-8.665779999999999816e+00
-8.355190000000000339e+00
-5.692260000000000097e+00
-6.553420000000000023e+00
-5.990039999999999587e+00
-6.165149999999999686e+00
-6.420729999999999826e+00
-6.010720000000000063e+00
-7.904720000000000191e+00
-6.726040000000000241e+00
-6.333210000000000228e+00
-6.087609999999999744e+00
-7.377950000000000230e+00
-6.297979999999999912e+00
-6.655969999999999942e+00
-6.471370000000000289e+00
-5.888370000000000104e+00
-6.262529999999999930e+00
-7.946189999999999642e+00
-5.635869999999999713e+00
-6.529359999999999609e+00
-6.276119999999999699e+00
-6.480050000000000310e+00
-7.895209999999999617e+00
-5.633130000000000415e+00
-7.856830000000000425e+00
-6.314169999999999838e+00
-5.633890000000000065e+00
-6.387480000000000047e+00
-7.799409999999999954e+00
-5.643010000000000304e+00
-6.404799999999999827e+00
-6.319630000000000081e+00
-6.297950000000000159e+00
-6.478710000000000413e+00
-7.717060000000000031e+00
-5.663190000000000168e+00
-5.678449999999999775e+00
-6.624869999999999592e+00
-7.661699999999999733e+00
-6.253140000000000143e+00
-6.884500000000000064e+00
-6.238190000000000346e+00
-5.725419999999999732e+00
-7.552620000000000111e+00
-7.479009999999999714e+00
-7.320829999999999949e+00
-6.221919999999999895e+00
-5.744419999999999860e+00
-7.330770000000000231e+00
-5.770159999999999734e+00
-6.216249999999999609e+00
-7.984659999999999869e+00
-7.120549999999999713e+00
-5.771510000000000140e+00
-6.204189999999999650e+00
-8.466710000000000846e+00
-8.445710000000000051e+00
-5.794979999999999798e+00
-6.861720000000000041e+00
-6.228570000000000384e+00
-5.965679999999999872e+00
-6.693159999999999776e+00
-6.232140000000000235e+00
-8.100770000000000692e+00
-6.380449999999999733e+00
-6.538450000000000095e+00
-6.287679999999999936e+00
-7.623870000000000147e+00
-6.445100000000000051e+00
-6.562949999999999839e+00
-6.688399999999999679e+00
-6.146530000000000271e+00
-6.148900000000000254e+00
-8.201529999999999987e+00
-5.826340000000000074e+00
-6.763300000000000090e+00
-6.154139999999999944e+00
-6.693080000000000140e+00
-8.158580000000000609e+00
-5.816259999999999764e+00
-8.112809999999999633e+00
-6.175080000000000346e+00
-5.812249999999999694e+00
-6.600480000000000125e+00
-8.047819999999999752e+00
-5.811849999999999739e+00
-6.214859999999999829e+00
-6.533629999999999605e+00
-6.501190000000000246e+00
-6.264899999999999913e+00
-7.958020000000000316e+00
-5.822600000000000442e+00
-5.832709999999999617e+00
-6.371859999999999857e+00
-7.897700000000000387e+00
-6.451039999999999885e+00
-6.495779999999999887e+00
-6.433029999999999582e+00
-5.870820000000000149e+00
-7.778059999999999974e+00
-7.685970000000000191e+00
-6.797250000000000014e+00
-6.420079999999999565e+00
-5.899079999999999657e+00
-7.555240000000000400e+00
-5.928300000000000125e+00
-6.417229999999999990e+00
-7.193190000000000417e+00
-7.352409999999999890e+00
-5.961100000000000065e+00
-6.413190000000000168e+00
-7.782540000000000013e+00
-8.385780000000000456e+00
-5.988500000000000156e+00
-7.048899999999999721e+00
-6.438979999999999926e+00
-6.002810000000000201e+00
-6.848080000000000389e+00
-6.435039999999999871e+00
-8.185919999999999419e+00
-6.157079999999999664e+00
-6.717220000000000191e+00
-6.464789999999999814e+00
-7.706330000000000346e+00
-6.660730000000000040e+00
-6.534860000000000113e+00
-6.743120000000000225e+00
-6.381910000000000416e+00
-6.154950000000000365e+00
-8.426750000000000185e+00
-5.995370000000000310e+00
-6.915219999999999700e+00
-6.155999999999999694e+00
-6.846059999999999590e+00
-8.373599999999999710e+00
-5.984770000000000145e+00
-8.327320000000000277e+00
-6.162779999999999703e+00
-5.978769999999999918e+00
-6.753470000000000084e+00
-8.256090000000000373e+00
-5.972929999999999851e+00
-6.185419999999999696e+00
-6.691499999999999559e+00
-6.665790000000000326e+00
-6.217620000000000147e+00
-8.160479999999999734e+00
-5.974910000000000387e+00
-5.979569999999999830e+00
-6.303919999999999746e+00
-8.074149999999999494e+00
-6.611119999999999663e+00
-6.383709999999999773e+00
-6.599000000000000199e+00
-6.002950000000000230e+00
-7.974179999999999602e+00
-7.882939999999999614e+00
-6.538990000000000080e+00
-6.580210000000000115e+00
-6.033649999999999736e+00
-7.748529999999999696e+00
-6.062780000000000058e+00
-6.578680000000000305e+00
-6.840340000000000309e+00
-7.531900000000000261e+00
-6.108290000000000219e+00
-6.586529999999999774e+00
-7.257799999999999585e+00
-7.885270000000000223e+00
-6.155599999999999739e+00
-7.249159999999999826e+00
-6.606609999999999872e+00
-6.162309999999999732e+00
-7.022350000000000314e+00
-6.617300000000000182e+00
-8.245979999999999421e+00
-6.169800000000000395e+00
-6.880499999999999616e+00
-6.627679999999999794e+00
-7.823159999999999670e+00
-6.832799999999999763e+00
-6.646130000000000315e+00
-6.873709999999999987e+00
-6.565610000000000390e+00
-6.250169999999999781e+00
-8.616410000000000124e+00
-6.147039999999999615e+00
-7.095130000000000159e+00
-6.241030000000000300e+00
-7.001619999999999955e+00
-8.542740000000000222e+00
-6.131450000000000067e+00
-8.506320000000000547e+00
-6.228839999999999932e+00
-6.123669999999999725e+00
-6.923630000000000173e+00
-8.420489999999999142e+00
-6.115249999999999631e+00
-6.222369999999999735e+00
-6.840609999999999857e+00
-6.807389999999999830e+00
-6.231250000000000178e+00
-8.324159999999999116e+00
-6.113470000000000404e+00
-6.116329999999999600e+00
-6.288649999999999629e+00
-8.212740000000000151e+00
-6.753659999999999997e+00
-6.339369999999999727e+00
-6.735310000000000130e+00
-6.131039999999999601e+00
-8.113310000000000244e+00
-8.023170000000000357e+00
-6.451719999999999899e+00
-6.717679999999999652e+00
-6.152479999999999727e+00
-7.880289999999999573e+00
-6.174750000000000405e+00
-6.717030000000000278e+00
-6.660980000000000345e+00
-7.670180000000000220e+00
-6.207119999999999749e+00
-6.721860000000000390e+00
-6.976589999999999847e+00
-7.618759999999999977e+00
-6.270380000000000287e+00
-7.375939999999999941e+00
-6.738540000000000418e+00
-6.294290000000000163e+00
-7.145400000000000418e+00
-6.754279999999999617e+00
-8.242820000000000036e+00
-6.276309999999999611e+00
-7.017339999999999911e+00
-6.773010000000000197e+00
-7.921719999999999651e+00
-6.982910000000000394e+00
-6.782610000000000028e+00
-6.983550000000000146e+00
-6.692840000000000344e+00
-6.405120000000000147e+00
-8.783500000000000085e+00
-6.267019999999999591e+00
-7.229739999999999611e+00
-6.388749999999999929e+00
-7.123800000000000132e+00
-8.701579999999999870e+00
-6.249900000000000233e+00
-8.638949999999999463e+00
-6.363550000000000040e+00
-6.243219999999999992e+00
-7.024420000000000108e+00
-8.545210000000000861e+00
-6.234090000000000131e+00
-6.327390000000000292e+00
-6.957629999999999981e+00
-6.924489999999999590e+00
-6.311259999999999870e+00
-8.434680000000000177e+00
-6.232210000000000250e+00
-6.235179999999999723e+00
-6.312770000000000437e+00
-8.346170000000000755e+00
-6.872169999999999668e+00
-6.345790000000000042e+00
-6.853819999999999801e+00
-6.251459999999999795e+00
-8.241139999999999688e+00
-8.134339999999999904e+00
-6.424549999999999983e+00
-6.836170000000000080e+00
-6.271539999999999893e+00
-7.990129999999999733e+00
-6.290630000000000166e+00
-6.834139999999999660e+00
-6.584380000000000344e+00
-7.789380000000000415e+00
-6.323430000000000106e+00
-6.839900000000000091e+00
-6.822320000000000384e+00
-7.280660000000000132e+00
-6.382489999999999775e+00
-7.483159999999999812e+00
-6.858920000000000350e+00
-6.421070000000000277e+00
-7.239720000000000155e+00
-6.872679999999999900e+00
-8.010410000000000252e+00
-6.428160000000000096e+00
-7.120140000000000136e+00
-6.894120000000000026e+00
-7.998230000000000395e+00
-7.088219999999999743e+00
-6.904840000000000089e+00
-7.104239999999999888e+00
-6.768839999999999968e+00
-6.514059999999999739e+00
-8.869780000000000442e+00
-6.355339999999999989e+00
-7.289970000000000283e+00
-6.496959999999999624e+00
-7.187179999999999680e+00
-8.771520000000000650e+00
-6.337939999999999685e+00
-8.710570000000000590e+00
-6.460899999999999643e+00
-6.327250000000000263e+00
-7.091660000000000075e+00
-8.612019999999999342e+00
-6.316740000000000244e+00
-6.418849999999999945e+00
-7.027230000000000310e+00
-6.993249999999999744e+00
-6.400159999999999627e+00
-8.487669999999999604e+00
-6.314890000000000114e+00
-6.317420000000000258e+00
-6.382019999999999804e+00
-8.407120000000000815e+00
-6.948529999999999873e+00
-6.381619999999999848e+00
-6.937899999999999956e+00
-6.333450000000000024e+00
-8.301180000000000447e+00
-8.199370000000000047e+00
-6.430139999999999745e+00
-6.920720000000000205e+00
-6.350259999999999572e+00
-8.043820000000000192e+00
-6.358990000000000364e+00
-6.918969999999999843e+00
-6.560940000000000438e+00
-7.828739999999999810e+00
-6.378849999999999909e+00
-6.924970000000000070e+00
-6.769899999999999807e+00
-7.163920000000000066e+00
-6.427520000000000344e+00
-7.533999999999999808e+00
-6.944670000000000343e+00
-6.471169999999999867e+00
-7.301169999999999938e+00
-6.953820000000000334e+00
-7.847949999999999982e+00
-6.498240000000000016e+00
-7.178289999999999615e+00
-6.977890000000000370e+00
-7.990359999999999907e+00
-7.142660000000000231e+00
-6.985299999999999621e+00
-7.155850000000000044e+00
-6.762870000000000381e+00
